0.01 0 -1.85939e+12 1.43082e+09 0 0 0 0 -1.85939e+12 1.43082e+09 0 0 0 0 0 0 0 0 0 0 0 0 0 1.07192e+06 0 0 0 0 0
0.0200786 0 -9.29136e+11 2.80771e+09 0 0 0 0 -9.29136e+11 2.80771e+09 0 0 0 0 0 0 0 0 0 0 0 0 0 1.07192e+06 0 0 0 0 0
0.0300965 0 -6.23499e+11 4.17755e+09 0 0 0 0 -6.23499e+11 4.17755e+09 0 0 0 0 0 0 0 0 0 0 0 0 0 1.07192e+06 0 0 0 0 0
0.0401343 0 -4.71163e+11 5.54866e+09 0 0 0 0 -4.71163e+11 5.54866e+09 0 0 0 0 0 0 0 0 0 0 0 0 0 1.07192e+06 0 0 0 0 0
0.0500286 0 -3.8158e+11 6.90062e+09 0 0 0 0 -3.8158e+11 6.90062e+09 0 0 0 0 0 0 0 0 0 0 0 0 0 1.07192e+06 0 0 0 0 0
0.0601585 0 -3.211e+11 8.28729e+09 0 0 0 0 -3.211e+11 8.28729e+09 0 0 0 0 0 0 0 0 0 0 0 0 0 1.07192e+06 0 0 0 0 0
0.0700976 0 -2.79504e+11 9.65223e+09 0 0 0 0 -2.79504e+11 9.65223e+09 0 0 0 0 0 0 0 0 0 0 0 0 0 1.07192e+06 0 0 0 0 0
0.0802226 0 -2.48055e+11 1.10491e+10 0 0 0 0 -2.48055e+11 1.10491e+10 0 0 0 0 0 0 0 0 0 0 0 0 0 1.07192e+06 0 0 0 0 0
0.0901733 0 -2.2461e+11 1.24302e+10 0 0 0 0 -2.2461e+11 1.24302e+10 0 0 0 0 0 0 0 0 0 0 0 0 0 1.07192e+06 0 0 0 0 0
0.100451 0 -2.05745e+11 1.38671e+10 0 0 0 0 -2.05745e+11 1.38671e+10 0 0 0 0 0 0 0 0 0 0 0 0 0 1.07192e+06 0 0 0 0 0
0.1104 0 -1.91146e+11 1.52706e+10 0 0 0 0 -1.91146e+11 1.52706e+10 0 0 0 0 0 0 0 0 0 0 0 0 0 1.07192e+06 0 0 0 0 0
0.120248 0 -1.79463e+11 1.66742e+10 0 0 0 0 -1.79463e+11 1.66742e+10 0 0 0 0 0 0 0 0 0 0 0 0 0 1.07192e+06 0 0 0 0 0
0.130387 0 -1.6958e+11 1.81372e+10 0 0 0 0 -1.6958e+11 1.81372e+10 0 0 0 0 0 0 0 0 0 0 0 0 0 1.07192e+06 0 0 0 0 0
0.140115 0 -1.61822e+11 1.95613e+10 0 0 0 0 -1.61822e+11 1.95613e+10 0 0 0 0 0 0 0 0 0 0 0 0 0 1.07192e+06 0 0 0 0 0
0.150569 0 -1.54914e+11 2.112e+10 0 0 0 0 -1.54914e+11 2.112e+10 0 0 0 0 0 0 0 0 0 0 0 0 0 1.07192e+06 0 0 0 0 0
0.160353 0 -1.49571e+11 2.26198e+10 0 0 0 0 -1.49571e+11 2.26198e+10 0 0 0 0 0 0 0 0 0 0 0 0 0 1.07192e+06 0 0 0 0 0
0.170008 0 -1.45263e+11 2.41665e+10 0 0 0 0 -1.45263e+11 2.41665e+10 0 0 0 0 0 0 0 0 0 0 0 0 0 1.07192e+06 0 0 0 0 0
0.180243 0 -1.41412e+11 2.57934e+10 0 0 0 0 -1.41412e+11 2.57934e+10 0 0 0 0 0 0 0 0 0 0 0 0 0 1.07192e+06 0 0 0 0 0
0.190238 0 -1.38472e+11 2.75119e+10 0 0 0 0 -1.38472e+11 2.75119e+10 0 0 0 0 0 0 0 0 0 0 0 0 0 1.07192e+06 0 0 0 0 0
0.200786 0 -1.36043e+11 2.94014e+10 0 0 0 0 -1.36043e+11 2.94014e+10 0 0 0 0 0 0 0 0 0 0 0 0 0 1.07192e+06 0 0 0 0 0
0.210022 0 -1.34422e+11 3.11543e+10 0 0 0 0 -1.34422e+11 3.11543e+10 0 0 0 0 0 0 0 0 0 0 0 0 0 1.07192e+06 0 0 0 0 0
0.220673 0 -1.33092e+11 3.32653e+10 0 0 0 0 -1.33092e+11 3.32653e+10 0 0 0 0 0 0 0 0 0 0 0 0 0 1.07192e+06 0 0 0 0 0
0.230824 0 -1.32044e+11 3.50889e+10 0 0 0 0 -1.32044e+11 3.50889e+10 0 0 0 0 0 0 0 0 0 0 0 0 0 1.07192e+06 0 0 0 0 0
0.240358 0 -1.31338e+11 3.68141e+10 0 0 0 0 -1.31338e+11 3.68141e+10 0 0 0 0 0 0 0 0 0 0 0 0 0 1.07192e+06 0 0 0 0 0
0.250287 0 -1.31357e+11 3.90951e+10 0 0 0 0 -1.31357e+11 3.90951e+10 0 0 0 0 0 0 0 0 0 0 0 0 0 1.07192e+06 0 0 0 0 0
0.260625 0 -1.31674e+11 4.14601e+10 0 0 0 0 -1.31674e+11 4.14601e+10 0 0 0 0 0 0 0 0 0 0 0 0 0 1.07192e+06 0 0 0 0 0
0.270172 0 -1.32163e+11 4.36357e+10 0 0 0 0 -1.32163e+11 4.36357e+10 0 0 0 0 0 0 0 0 0 0 0 0 0 1.07192e+06 0 0 0 0 0
0.280069 0 -1.33166e+11 4.61965e+10 0 0 0 0 -1.33166e+11 4.61965e+10 0 0 0 0 0 0 0 0 0 0 0 0 0 1.07192e+06 0 0 0 0 0
0.290329 0 -1.34413e+11 4.88285e+10 0 0 0 0 -1.34413e+11 4.88285e+10 0 0 0 0 0 0 0 0 0 0 0 0 0 1.07192e+06 0 0 0 0 0
0.300289 0 -1.35399e+11 5.10001e+10 0 0 0 0 -1.35399e+11 5.10001e+10 0 0 0 0 0 0 0 0 0 0 0 0 0 1.07192e+06 0 0 0 0 0
0.31059 0 -1.36354e+11 5.30143e+10 0 0 0 0 -1.36354e+11 5.30143e+10 0 0 0 0 0 0 0 0 0 0 0 0 0 1.07192e+06 0 0 0 0 0
0.320523 0 -1.37626e+11 5.5213e+10 0 0 0 0 -1.37626e+11 5.5213e+10 0 0 0 0 0 0 0 0 0 0 0 0 0 1.07192e+06 0 0 0 0 0
0.330774 0 -1.39324e+11 5.77126e+10 0 0 0 0 -1.39324e+11 5.77126e+10 0 0 0 0 0 0 0 0 0 0 0 0 0 1.07192e+06 0 0 0 0 0
0.341353 0 -1.41289e+11 6.03846e+10 0 0 0 0 -1.41289e+11 6.03846e+10 0 0 0 0 0 0 0 0 0 0 0 0 0 1.07192e+06 0 0 0 0 0
0.350689 0 -1.43242e+11 6.28677e+10 0 0 0 0 -1.43242e+11 6.28677e+10 0 0 0 0 0 0 0 0 0 0 0 0 0 1.07192e+06 0 0 0 0 0
0.36028 0 -1.45313e+11 6.53595e+10 0 0 0 0 -1.45313e+11 6.53595e+10 0 0 0 0 0 0 0 0 0 0 0 0 0 1.07192e+06 0 0 0 0 0
0.370134 0 -1.47642e+11 6.80471e+10 0 0 0 0 -1.47642e+11 6.80471e+10 0 0 0 0 0 0 0 0 0 0 0 0 0 1.07192e+06 0 0 0 0 0
0.380258 0 -1.50201e+11 7.08739e+10 0 0 0 0 -1.50201e+11 7.08739e+10 0 0 0 0 0 0 0 0 0 0 0 0 0 1.07192e+06 0 0 0 0 0
0.390658 0 -1.52872e+11 7.37276e+10 0 0 0 0 -1.52872e+11 7.37276e+10 0 0 0 0 0 0 0 0 0 0 0 0 0 1.07192e+06 0 0 0 0 0
0.400441 0 -1.5541e+11 7.63622e+10 0 0 0 0 -1.5541e+11 7.63622e+10 0 0 0 0 0 0 0 0 0 0 0 0 0 1.07192e+06 0 0 0 0 0
0.41047 0 -1.5806e+11 7.90495e+10 0 0 0 0 -1.5806e+11 7.90495e+10 0 0 0 0 0 0 0 0 0 0 0 0 0 1.07192e+06 0 0 0 0 0
0.420749 0 -1.60945e+11 8.18911e+10 0 0 0 0 -1.60945e+11 8.18911e+10 0 0 0 0 0 0 0 0 0 0 0 0 0 1.07192e+06 0 0 0 0 0
0.430318 0 -1.649e+11 8.57438e+10 0 0 0 0 -1.649e+11 8.57438e+10 0 0 0 0 0 0 0 0 0 0 0 0 0 1.07192e+06 0 0 0 0 0
0.440103 0 -1.69821e+11 9.04528e+10 0 0 0 0 -1.69821e+11 9.04528e+10 0 0 0 0 0 0 0 0 0 0 0 0 0 1.07192e+06 0 0 0 0 0
0.450112 0 -1.73095e+11 9.34522e+10 0 0 0 0 -1.73095e+11 9.34522e+10 0 0 0 0 0 0 0 0 0 0 0 0 0 1.07192e+06 0 0 0 0 0
0.460348 0 -1.76309e+11 9.63162e+10 0 0 0 0 -1.76309e+11 9.63162e+10 0 0 0 0 0 0 0 0 0 0 0 0 0 1.07192e+06 0 0 0 0 0
0.470816 0 -1.78318e+11 9.79479e+10 0 0 0 0 -1.78318e+11 9.79479e+10 0 0 0 0 0 0 0 0 0 0 0 0 0 1.07192e+06 0 0 0 0 0
0.480442 0 -1.80632e+11 9.98838e+10 0 0 0 0 -1.80632e+11 9.98838e+10 0 0 0 0 0 0 0 0 0 0 0 0 0 1.07192e+06 0 0 0 0 0
0.490264 0 -1.83276e+11 1.02129e+11 0 0 0 0 -1.83276e+11 1.02129e+11 0 0 0 0 0 0 0 0 0 0 0 0 0 1.07192e+06 0 0 0 0 0
0.500286 0 -1.85049e+11 1.03475e+11 0 0 0 0 -1.85049e+11 1.03475e+11 0 0 0 0 0 0 0 0 0 0 0 0 0 1.07192e+06 0 0 0 0 0
0.510514 0 -1.8759e+11 1.05521e+11 0 0 0 0 -1.8759e+11 1.05521e+11 0 0 0 0 0 0 0 0 0 0 0 0 0 1.07192e+06 0 0 0 0 0
0.520951 0 -1.88974e+11 1.06406e+11 0 0 0 0 -1.88974e+11 1.06406e+11 0 0 0 0 0 0 0 0 0 0 0 0 0 1.07192e+06 0 0 0 0 0
0.530407 0 -1.90046e+11 1.07033e+11 0 0 0 0 -1.90046e+11 1.07033e+11 0 0 0 0 0 0 0 0 0 0 0 0 0 1.07192e+06 0 0 0 0 0
0.540035 0 -1.91811e+11 1.08342e+11 0 0 0 0 -1.91811e+11 1.08342e+11 0 0 0 0 0 0 0 0 0 0 0 0 0 1.07192e+06 0 0 0 0 0
0.551075 0 -1.95012e+11 1.10994e+11 0 0 0 0 -1.95012e+11 1.10994e+11 0 0 0 0 0 0 0 0 0 0 0 0 0 1.07192e+06 0 0 0 0 0
0.561078 0 -1.99014e+11 1.14469e+11 0 0 0 0 -1.99014e+11 1.14469e+11 0 0 0 0 0 0 0 0 0 0 0 0 0 1.07192e+06 0 0 0 0 0
0.571263 0 -2.02522e+11 1.17414e+11 0 0 0 0 -2.02522e+11 1.17414e+11 0 0 0 0 0 0 0 0 0 0 0 0 0 1.07192e+06 0 0 0 0 0
0.580326 0 -2.07422e+11 1.21762e+11 0 0 0 0 -2.07422e+11 1.21762e+11 0 0 0 0 0 0 0 0 0 0 0 0 0 1.07192e+06 0 0 0 0 0
0.59086 0 -2.14959e+11 1.28563e+11 0 0 0 0 -2.14959e+11 1.28563e+11 0 0 0 0 0 0 0 0 0 0 0 0 0 1.07192e+06 0 0 0 0 0
0.600234 0 -2.19965e+11 1.32833e+11 0 0 0 0 -2.19965e+11 1.32833e+11 0 0 0 0 0 0 0 0 0 0 0 0 0 1.07192e+06 0 0 0 0 0
0.611129 0 -2.19921e+11 1.31962e+11 0 0 0 0 -2.19921e+11 1.31962e+11 0 0 0 0 0 0 0 0 0 0 0 0 0 1.07192e+06 0 0 0 0 0
0.620824 0 -2.19867e+11 1.31212e+11 0 0 0 0 -2.19867e+11 1.31212e+11 0 0 0 0 0 0 0 0 0 0 0 0 0 1.07192e+06 0 0 0 0 0
0.630674 0 -2.2011e+11 1.30774e+11 0 0 0 0 -2.2011e+11 1.30774e+11 0 0 0 0 0 0 0 0 0 0 0 0 0 1.07192e+06 0 0 0 0 0
0.640679 0 -2.2014e+11 1.30163e+11 0 0 0 0 -2.2014e+11 1.30163e+11 0 0 0 0 0 0 0 0 0 0 0 0 0 1.07192e+06 0 0 0 0 0
0.650843 0 -2.20257e+11 1.29631e+11 0 0 0 0 -2.20257e+11 1.29631e+11 0 0 0 0 0 0 0 0 0 0 0 0 0 1.07192e+06 0 0 0 0 0
0.661169 0 -2.20799e+11 1.29558e+11 0 0 0 0 -2.20799e+11 1.29558e+11 0 0 0 0 0 0 0 0 0 0 0 0 0 1.07192e+06 0 0 0 0 0
0.67015 0 -2.2144e+11 1.29671e+11 0 0 0 0 -2.2144e+11 1.29671e+11 0 0 0 0 0 0 0 0 0 0 0 0 0 1.07192e+06 0 0 0 0 0
0.680782 0 -2.22742e+11 1.30377e+11 0 0 0 0 -2.22742e+11 1.30377e+11 0 0 0 0 0 0 0 0 0 0 0 0 0 1.07192e+06 0 0 0 0 0
0.690029 0 -2.24648e+11 1.31737e+11 0 0 0 0 -2.24648e+11 1.31737e+11 0 0 0 0 0 0 0 0 0 0 0 0 0 1.07192e+06 0 0 0 0 0
0.700976 0 -2.27658e+11 1.34111e+11 0 0 0 0 -2.27658e+11 1.34111e+11 0 0 0 0 0 0 0 0 0 0 0 0 0 1.07192e+06 0 0 0 0 0
0.710497 0 -2.29943e+11 1.35825e+11 0 0 0 0 -2.29943e+11 1.35825e+11 0 0 0 0 0 0 0 0 0 0 0 0 0 1.07192e+06 0 0 0 0 0
0.720148 0 -2.32522e+11 1.37813e+11 0 0 0 0 -2.32522e+11 1.37813e+11 0 0 0 0 0 0 0 0 0 0 0 0 0 1.07192e+06 0 0 0 0 0
0.731573 0 -2.3576e+11 1.40345e+11 0 0 0 0 -2.3576e+11 1.40345e+11 0 0 0 0 0 0 0 0 0 0 0 0 0 1.07192e+06 0 0 0 0 0
0.74151 0 -2.38427e+11 1.4238e+11 0 0 0 0 -2.38427e+11 1.4238e+11 0 0 0 0 0 0 0 0 0 0 0 0 0 1.07192e+06 0 0 0 0 0
0.751582 0 -2.40883e+11 1.44192e+11 0 0 0 0 -2.40883e+11 1.44192e+11 0 0 0 0 0 0 0 0 0 0 0 0 0 1.07192e+06 0 0 0 0 0
0.76008 0 -2.4298e+11 1.45741e+11 0 0 0 0 -2.4298e+11 1.45741e+11 0 0 0 0 0 0 0 0 0 0 0 0 0 1.07192e+06 0 0 0 0 0
0.770404 0 -2.46447e+11 1.48526e+11 0 0 0 0 -2.46447e+11 1.48526e+11 0 0 0 0 0 0 0 0 0 0 0 0 0 1.07192e+06 0 0 0 0 0
0.780869 0 -2.49679e+11 1.51046e+11 0 0 0 0 -2.49679e+11 1.51046e+11 0 0 0 0 0 0 0 0 0 0 0 0 0 1.07192e+06 0 0 0 0 0
0.791476 0 -2.51882e+11 1.52518e+11 0 0 0 0 -2.51882e+11 1.52518e+11 0 0 0 0 0 0 0 0 0 0 0 0 0 1.07192e+06 0 0 0 0 0
0.800424 0 -2.53311e+11 1.5333e+11 0 0 0 0 -2.53311e+11 1.5333e+11 0 0 0 0 0 0 0 0 0 0 0 0 0 1.07192e+06 0 0 0 0 0
0.811297 0 -2.55438e+11 1.54737e+11 0 0 0 0 -2.55438e+11 1.54737e+11 0 0 0 0 0 0 0 0 0 0 0 0 0 1.07192e+06 0 0 0 0 0
0.82047 0 -2.58696e+11 1.57356e+11 0 0 0 0 -2.58696e+11 1.57356e+11 0 0 0 0 0 0 0 0 0 0 0 0 0 1.07192e+06 0 0 0 0 0
0.83068 0 -2.61987e+11 1.59931e+11 0 0 0 0 -2.61987e+11 1.59931e+11 0 0 0 0 0 0 0 0 0 0 0 0 0 1.07192e+06 0 0 0 0 0
0.840072 0 -2.65027e+11 1.62287e+11 0 0 0 0 -2.65027e+11 1.62287e+11 0 0 0 0 0 0 0 0 0 0 0 0 0 1.07192e+06 0 0 0 0 0
0.850526 0 -2.6689e+11 1.63393e+11 0 0 0 0 -2.6689e+11 1.63393e+11 0 0 0 0 0 0 0 0 0 0 0 0 0 1.07192e+06 0 0 0 0 0
0.860142 0 -2.67453e+11 1.63264e+11 0 0 0 0 -2.67453e+11 1.63264e+11 0 0 0 0 0 0 0 0 0 0 0 0 0 1.07192e+06 0 0 0 0 0
0.871826 0 -2.67757e+11 1.62788e+11 0 0 0 0 -2.67757e+11 1.62788e+11 0 0 0 0 0 0 0 0 0 0 0 0 0 1.07192e+06 0 0 0 0 0
0.881683 0 -2.68285e+11 1.62674e+11 0 0 0 0 -2.68285e+11 1.62674e+11 0 0 0 0 0 0 0 0 0 0 0 0 0 1.07192e+06 0 0 0 0 0
0.891652 0 -2.68776e+11 1.62516e+11 0 0 0 0 -2.68776e+11 1.62516e+11 0 0 0 0 0 0 0 0 0 0 0 0 0 1.07192e+06 0 0 0 0 0
0.901733 0 -2.69515e+11 1.62604e+11 0 0 0 0 -2.69515e+11 1.62604e+11 0 0 0 0 0 0 0 0 0 0 0 0 0 1.07192e+06 0 0 0 0 0
0.910904 0 -2.70672e+11 1.63205e+11 0 0 0 0 -2.70672e+11 1.63205e+11 0 0 0 0 0 0 0 0 0 0 0 0 0 1.07192e+06 0 0 0 0 0
0.920168 0 -2.72104e+11 1.64054e+11 0 0 0 0 -2.72104e+11 1.64054e+11 0 0 0 0 0 0 0 0 0 0 0 0 0 1.07192e+06 0 0 0 0 0
0.930572 0 -2.7364e+11 1.64941e+11 0 0 0 0 -2.7364e+11 1.64941e+11 0 0 0 0 0 0 0 0 0 0 0 0 0 1.07192e+06 0 0 0 0 0
0.940036 0 -2.7482e+11 1.65547e+11 0 0 0 0 -2.7482e+11 1.65547e+11 0 0 0 0 0 0 0 0 0 0 0 0 0 1.07192e+06 0 0 0 0 0
0.950665 0 -2.75832e+11 1.65922e+11 0 0 0 0 -2.75832e+11 1.65922e+11 0 0 0 0 0 0 0 0 0 0 0 0 0 1.07192e+06 0 0 0 0 0
0.960333 0 -2.7762e+11 1.67129e+11 0 0 0 0 -2.7762e+11 1.67129e+11 0 0 0 0 0 0 0 0 0 0 0 0 0 1.07192e+06 0 0 0 0 0
0.9701 0 -2.7885e+11 1.67766e+11 0 0 0 0 -2.7885e+11 1.67766e+11 0 0 0 0 0 0 0 0 0 0 0 0 0 1.07192e+06 0 0 0 0 0
0.981068 0 -2.80704e+11 1.68963e+11 0 0 0 0 -2.80704e+11 1.68963e+11 0 0 0 0 0 0 0 0 0 0 0 0 0 1.07192e+06 0 0 0 0 0
0.991046 0 -2.81792e+11 1.69458e+11 0 0 0 0 -2.81792e+11 1.69458e+11 0 0 0 0 0 0 0 0 0 0 0 0 0 1.07192e+06 0 0 0 0 0
