0.01 0 -1.85844e+12 9.14088e+08 0 0 0 0 -1.85844e+12 9.14088e+08 0 0 0 0 0 0 0 0 0 0 0 0 0 1.07192e+06 0 0 0 0 0
0.0200786 0 -9.27582e+11 1.78424e+09 0 0 0 0 -9.27582e+11 1.78424e+09 0 0 0 0 0 0 0 0 0 0 0 0 0 1.07192e+06 0 0 0 0 0
0.0300965 0 -6.21045e+11 2.65486e+09 0 0 0 0 -6.21045e+11 2.65486e+09 0 0 0 0 0 0 0 0 0 0 0 0 0 1.07192e+06 0 0 0 0 0
0.0401343 0 -4.68028e+11 3.53018e+09 0 0 0 0 -4.68028e+11 3.53018e+09 0 0 0 0 0 0 0 0 0 0 0 0 0 1.07192e+06 0 0 0 0 0
0.0500286 0 -3.7781e+11 4.39717e+09 0 0 0 0 -3.7781e+11 4.39717e+09 0 0 0 0 0 0 0 0 0 0 0 0 0 1.07192e+06 0 0 0 0 0
0.0601585 0 -3.16734e+11 5.29053e+09 0 0 0 0 -3.16734e+11 5.29053e+09 0 0 0 0 0 0 0 0 0 0 0 0 0 1.07192e+06 0 0 0 0 0
0.0700976 0 -2.74231e+11 6.17405e+09 0 0 0 0 -2.74231e+11 6.17405e+09 0 0 0 0 0 0 0 0 0 0 0 0 0 1.07192e+06 0 0 0 0 0
0.0802226 0 -2.42184e+11 7.08262e+09 0 0 0 0 -2.42184e+11 7.08262e+09 0 0 0 0 0 0 0 0 0 0 0 0 0 1.07192e+06 0 0 0 0 0
0.0901733 0 -2.17966e+11 7.98531e+09 0 0 0 0 -2.17966e+11 7.98531e+09 0 0 0 0 0 0 0 0 0 0 0 0 0 1.07192e+06 0 0 0 0 0
0.100451 0 -1.98217e+11 8.92934e+09 0 0 0 0 -1.98217e+11 8.92934e+09 0 0 0 0 0 0 0 0 0 0 0 0 0 1.07192e+06 0 0 0 0 0
0.1104 0 -1.82937e+11 9.85635e+09 0 0 0 0 -1.82937e+11 9.85635e+09 0 0 0 0 0 0 0 0 0 0 0 0 0 1.07192e+06 0 0 0 0 0
0.120248 0 -1.7065e+11 1.07885e+10 0 0 0 0 -1.7065e+11 1.07885e+10 0 0 0 0 0 0 0 0 0 0 0 0 0 1.07192e+06 0 0 0 0 0
0.130387 0 -1.60027e+11 1.17661e+10 0 0 0 0 -1.60027e+11 1.17661e+10 0 0 0 0 0 0 0 0 0 0 0 0 0 1.07192e+06 0 0 0 0 0
0.140115 0 -1.51479e+11 1.27243e+10 0 0 0 0 -1.51479e+11 1.27243e+10 0 0 0 0 0 0 0 0 0 0 0 0 0 1.07192e+06 0 0 0 0 0
0.150569 0 -1.43854e+11 1.37833e+10 0 0 0 0 -1.43854e+11 1.37833e+10 0 0 0 0 0 0 0 0 0 0 0 0 0 1.07192e+06 0 0 0 0 0
0.160353 0 -1.37854e+11 1.48376e+10 0 0 0 0 -1.37854e+11 1.48376e+10 0 0 0 0 0 0 0 0 0 0 0 0 0 1.07192e+06 0 0 0 0 0
0.170008 0 -1.32776e+11 1.58758e+10 0 0 0 0 -1.32776e+11 1.58758e+10 0 0 0 0 0 0 0 0 0 0 0 0 0 1.07192e+06 0 0 0 0 0
0.180243 0 -1.28249e+11 1.70584e+10 0 0 0 0 -1.28249e+11 1.70584e+10 0 0 0 0 0 0 0 0 0 0 0 0 0 1.07192e+06 0 0 0 0 0
0.190238 0 -1.24518e+11 1.82093e+10 0 0 0 0 -1.24518e+11 1.82093e+10 0 0 0 0 0 0 0 0 0 0 0 0 0 1.07192e+06 0 0 0 0 0
0.200786 0 -1.21245e+11 1.954e+10 0 0 0 0 -1.21245e+11 1.954e+10 0 0 0 0 0 0 0 0 0 0 0 0 0 1.07192e+06 0 0 0 0 0
0.210022 0 -1.18855e+11 2.07759e+10 0 0 0 0 -1.18855e+11 2.07759e+10 0 0 0 0 0 0 0 0 0 0 0 0 0 1.07192e+06 0 0 0 0 0
0.220673 0 -1.16722e+11 2.23078e+10 0 0 0 0 -1.16722e+11 2.23078e+10 0 0 0 0 0 0 0 0 0 0 0 0 0 1.07192e+06 0 0 0 0 0
0.230824 0 -1.15019e+11 2.37509e+10 0 0 0 0 -1.15019e+11 2.37509e+10 0 0 0 0 0 0 0 0 0 0 0 0 0 1.07192e+06 0 0 0 0 0
0.240358 0 -1.13772e+11 2.51787e+10 0 0 0 0 -1.13772e+11 2.51787e+10 0 0 0 0 0 0 0 0 0 0 0 0 0 1.07192e+06 0 0 0 0 0
0.250287 0 -1.1298e+11 2.68325e+10 0 0 0 0 -1.1298e+11 2.68325e+10 0 0 0 0 0 0 0 0 0 0 0 0 0 1.07192e+06 0 0 0 0 0
0.260625 0 -1.1208e+11 2.82845e+10 0 0 0 0 -1.1208e+11 2.82845e+10 0 0 0 0 0 0 0 0 0 0 0 0 0 1.07192e+06 0 0 0 0 0
0.270172 0 -1.1153e+11 2.96692e+10 0 0 0 0 -1.1153e+11 2.96692e+10 0 0 0 0 0 0 0 0 0 0 0 0 0 1.07192e+06 0 0 0 0 0
0.280069 0 -1.11243e+11 3.11879e+10 0 0 0 0 -1.11243e+11 3.11879e+10 0 0 0 0 0 0 0 0 0 0 0 0 0 1.07192e+06 0 0 0 0 0
0.290329 0 -1.11458e+11 3.30791e+10 0 0 0 0 -1.11458e+11 3.30791e+10 0 0 0 0 0 0 0 0 0 0 0 0 0 1.07192e+06 0 0 0 0 0
0.300965 0 -1.11734e+11 3.49539e+10 0 0 0 0 -1.11734e+11 3.49539e+10 0 0 0 0 0 0 0 0 0 0 0 0 0 1.07192e+06 0 0 0 0 0
0.31059 0 -1.12584e+11 3.70584e+10 0 0 0 0 -1.12584e+11 3.70584e+10 0 0 0 0 0 0 0 0 0 0 0 0 0 1.07192e+06 0 0 0 0 0
0.320523 0 -1.13797e+11 3.94247e+10 0 0 0 0 -1.13797e+11 3.94247e+10 0 0 0 0 0 0 0 0 0 0 0 0 0 1.07192e+06 0 0 0 0 0
0.330031 0 -1.15151e+11 4.17478e+10 0 0 0 0 -1.15151e+11 4.17478e+10 0 0 0 0 0 0 0 0 0 0 0 0 0 1.07192e+06 0 0 0 0 0
0.340586 0 -1.16985e+11 4.45163e+10 0 0 0 0 -1.16985e+11 4.45163e+10 0 0 0 0 0 0 0 0 0 0 0 0 0 1.07192e+06 0 0 0 0 0
0.350689 0 -1.16593e+11 4.49244e+10 0 0 0 0 -1.16593e+11 4.49244e+10 0 0 0 0 0 0 0 0 0 0 0 0 0 1.07192e+06 0 0 0 0 0
0.36028 0 -1.17077e+11 4.61015e+10 0 0 0 0 -1.17077e+11 4.61015e+10 0 0 0 0 0 0 0 0 0 0 0 0 0 1.07192e+06 0 0 0 0 0
0.370134 0 -1.17943e+11 4.76156e+10 0 0 0 0 -1.17943e+11 4.76156e+10 0 0 0 0 0 0 0 0 0 0 0 0 0 1.07192e+06 0 0 0 0 0
0.380258 0 -1.19466e+11 4.97173e+10 0 0 0 0 -1.19466e+11 4.97173e+10 0 0 0 0 0 0 0 0 0 0 0 0 0 1.07192e+06 0 0 0 0 0
0.390658 0 -1.21019e+11 5.17645e+10 0 0 0 0 -1.21019e+11 5.17645e+10 0 0 0 0 0 0 0 0 0 0 0 0 0 1.07192e+06 0 0 0 0 0
0.400441 0 -1.22845e+11 5.39998e+10 0 0 0 0 -1.22845e+11 5.39998e+10 0 0 0 0 0 0 0 0 0 0 0 0 0 1.07192e+06 0 0 0 0 0
0.41047 0 -1.24848e+11 5.63425e+10 0 0 0 0 -1.24848e+11 5.63425e+10 0 0 0 0 0 0 0 0 0 0 0 0 0 1.07192e+06 0 0 0 0 0
0.420749 0 -1.26286e+11 5.80606e+10 0 0 0 0 -1.26286e+11 5.80606e+10 0 0 0 0 0 0 0 0 0 0 0 0 0 1.07192e+06 0 0 0 0 0
0.430318 0 -1.27623e+11 5.95999e+10 0 0 0 0 -1.27623e+11 5.95999e+10 0 0 0 0 0 0 0 0 0 0 0 0 0 1.07192e+06 0 0 0 0 0
0.440103 0 -1.29276e+11 6.142e+10 0 0 0 0 -1.29276e+11 6.142e+10 0 0 0 0 0 0 0 0 0 0 0 0 0 1.07192e+06 0 0 0 0 0
0.450112 0 -1.31375e+11 6.36388e+10 0 0 0 0 -1.31375e+11 6.36388e+10 0 0 0 0 0 0 0 0 0 0 0 0 0 1.07192e+06 0 0 0 0 0
0.460348 0 -1.33924e+11 6.62494e+10 0 0 0 0 -1.33924e+11 6.62494e+10 0 0 0 0 0 0 0 0 0 0 0 0 0 1.07192e+06 0 0 0 0 0
0.470816 0 -1.36129e+11 6.84615e+10 0 0 0 0 -1.36129e+11 6.84615e+10 0 0 0 0 0 0 0 0 0 0 0 0 0 1.07192e+06 0 0 0 0 0
0.480442 0 -1.38215e+11 7.05022e+10 0 0 0 0 -1.38215e+11 7.05022e+10 0 0 0 0 0 0 0 0 0 0 0 0 0 1.07192e+06 0 0 0 0 0
0.490264 0 -1.40349e+11 7.256e+10 0 0 0 0 -1.40349e+11 7.256e+10 0 0 0 0 0 0 0 0 0 0 0 0 0 1.07192e+06 0 0 0 0 0
0.500286 0 -1.42984e+11 7.50721e+10 0 0 0 0 -1.42984e+11 7.50721e+10 0 0 0 0 0 0 0 0 0 0 0 0 0 1.07192e+06 0 0 0 0 0
0.510514 0 -1.45903e+11 7.78095e+10 0 0 0 0 -1.45903e+11 7.78095e+10 0 0 0 0 0 0 0 0 0 0 0 0 0 1.07192e+06 0 0 0 0 0
0.520951 0 -1.48948e+11 8.05896e+10 0 0 0 0 -1.48948e+11 8.05896e+10 0 0 0 0 0 0 0 0 0 0 0 0 0 1.07192e+06 0 0 0 0 0
0.530407 0 -1.51148e+11 8.25673e+10 0 0 0 0 -1.51148e+11 8.25673e+10 0 0 0 0 0 0 0 0 0 0 0 0 0 1.07192e+06 0 0 0 0 0
0.540035 0 -1.52612e+11 8.37297e+10 0 0 0 0 -1.52612e+11 8.37297e+10 0 0 0 0 0 0 0 0 0 0 0 0 0 1.07192e+06 0 0 0 0 0
0.551075 0 -1.53645e+11 8.44457e+10 0 0 0 0 -1.53645e+11 8.44457e+10 0 0 0 0 0 0 0 0 0 0 0 0 0 1.07192e+06 0 0 0 0 0
0.561078 0 -1.54227e+11 8.47431e+10 0 0 0 0 -1.54227e+11 8.47431e+10 0 0 0 0 0 0 0 0 0 0 0 0 0 1.07192e+06 0 0 0 0 0
0.571263 0 -1.55208e+11 8.54132e+10 0 0 0 0 -1.55208e+11 8.54132e+10 0 0 0 0 0 0 0 0 0 0 0 0 0 1.07192e+06 0 0 0 0 0
0.580326 0 -1.56425e+11 8.63741e+10 0 0 0 0 -1.56425e+11 8.63741e+10 0 0 0 0 0 0 0 0 0 0 0 0 0 1.07192e+06 0 0 0 0 0
0.59086 0 -1.58237e+11 8.78493e+10 0 0 0 0 -1.58237e+11 8.78493e+10 0 0 0 0 0 0 0 0 0 0 0 0 0 1.07192e+06 0 0 0 0 0
0.600234 0 -1.60078e+11 8.94086e+10 0 0 0 0 -1.60078e+11 8.94086e+10 0 0 0 0 0 0 0 0 0 0 0 0 0 1.07192e+06 0 0 0 0 0
0.611129 0 -1.62094e+11 9.10557e+10 0 0 0 0 -1.62094e+11 9.10557e+10 0 0 0 0 0 0 0 0 0 0 0 0 0 1.07192e+06 0 0 0 0 0
0.620824 0 -1.64461e+11 9.30728e+10 0 0 0 0 -1.64461e+11 9.30728e+10 0 0 0 0 0 0 0 0 0 0 0 0 0 1.07192e+06 0 0 0 0 0
0.630674 0 -1.6685e+11 9.50939e+10 0 0 0 0 -1.6685e+11 9.50939e+10 0 0 0 0 0 0 0 0 0 0 0 0 0 1.07192e+06 0 0 0 0 0
0.640679 0 -1.69271e+11 9.712e+10 0 0 0 0 -1.69271e+11 9.712e+10 0 0 0 0 0 0 0 0 0 0 0 0 0 1.07192e+06 0 0 0 0 0
0.650843 0 -1.70946e+11 9.8384e+10 0 0 0 0 -1.70946e+11 9.8384e+10 0 0 0 0 0 0 0 0 0 0 0 0 0 1.07192e+06 0 0 0 0 0
0.661169 0 -1.72582e+11 9.95749e+10 0 0 0 0 -1.72582e+11 9.95749e+10 0 0 0 0 0 0 0 0 0 0 0 0 0 1.07192e+06 0 0 0 0 0
0.67015 0 -1.73596e+11 1.00215e+11 0 0 0 0 -1.73596e+11 1.00215e+11 0 0 0 0 0 0 0 0 0 0 0 0 0 1.07192e+06 0 0 0 0 0
0.680782 0 -1.7474e+11 1.00933e+11 0 0 0 0 -1.7474e+11 1.00933e+11 0 0 0 0 0 0 0 0 0 0 0 0 0 1.07192e+06 0 0 0 0 0
0.690029 0 -1.75642e+11 1.01442e+11 0 0 0 0 -1.75642e+11 1.01442e+11 0 0 0 0 0 0 0 0 0 0 0 0 0 1.07192e+06 0 0 0 0 0
0.700976 0 -1.77166e+11 1.02519e+11 0 0 0 0 -1.77166e+11 1.02519e+11 0 0 0 0 0 0 0 0 0 0 0 0 0 1.07192e+06 0 0 0 0 0
0.710497 0 -1.7836e+11 1.0333e+11 0 0 0 0 -1.7836e+11 1.0333e+11 0 0 0 0 0 0 0 0 0 0 0 0 0 1.07192e+06 0 0 0 0 0
0.720148 0 -1.79562e+11 1.04128e+11 0 0 0 0 -1.79562e+11 1.04128e+11 0 0 0 0 0 0 0 0 0 0 0 0 0 1.07192e+06 0 0 0 0 0
0.731573 0 -1.81114e+11 1.05207e+11 0 0 0 0 -1.81114e+11 1.05207e+11 0 0 0 0 0 0 0 0 0 0 0 0 0 1.07192e+06 0 0 0 0 0
0.74151 0 -1.82056e+11 1.05743e+11 0 0 0 0 -1.82056e+11 1.05743e+11 0 0 0 0 0 0 0 0 0 0 0 0 0 1.07192e+06 0 0 0 0 0
0.751582 0 -1.83634e+11 1.06901e+11 0 0 0 0 -1.83634e+11 1.06901e+11 0 0 0 0 0 0 0 0 0 0 0 0 0 1.07192e+06 0 0 0 0 0
0.76008 0 -1.85057e+11 1.07963e+11 0 0 0 0 -1.85057e+11 1.07963e+11 0 0 0 0 0 0 0 0 0 0 0 0 0 1.07192e+06 0 0 0 0 0
0.770404 0 -1.85966e+11 1.08441e+11 0 0 0 0 -1.85966e+11 1.08441e+11 0 0 0 0 0 0 0 0 0 0 0 0 0 1.07192e+06 0 0 0 0 0
0.780869 0 -1.87133e+11 1.09174e+11 0 0 0 0 -1.87133e+11 1.09174e+11 0 0 0 0 0 0 0 0 0 0 0 0 0 1.07192e+06 0 0 0 0 0
0.791476 0 -1.88199e+11 1.09801e+11 0 0 0 0 -1.88199e+11 1.09801e+11 0 0 0 0 0 0 0 0 0 0 0 0 0 1.07192e+06 0 0 0 0 0
0.800424 0 -1.89345e+11 1.10586e+11 0 0 0 0 -1.89345e+11 1.10586e+11 0 0 0 0 0 0 0 0 0 0 0 0 0 1.07192e+06 0 0 0 0 0
0.811297 0 -1.91053e+11 1.11843e+11 0 0 0 0 -1.91053e+11 1.11843e+11 0 0 0 0 0 0 0 0 0 0 0 0 0 1.07192e+06 0 0 0 0 0
0.82047 0 -1.91984e+11 1.12385e+11 0 0 0 0 -1.91984e+11 1.12385e+11 0 0 0 0 0 0 0 0 0 0 0 0 0 1.07192e+06 0 0 0 0 0
0.831614 0 -1.92503e+11 1.12459e+11 0 0 0 0 -1.92503e+11 1.12459e+11 0 0 0 0 0 0 0 0 0 0 0 0 0 1.07192e+06 0 0 0 0 0
0.841017 0 -1.93006e+11 1.12582e+11 0 0 0 0 -1.93006e+11 1.12582e+11 0 0 0 0 0 0 0 0 0 0 0 0 0 1.07192e+06 0 0 0 0 0
0.850526 0 -1.93704e+11 1.12913e+11 0 0 0 0 -1.93704e+11 1.12913e+11 0 0 0 0 0 0 0 0 0 0 0 0 0 1.07192e+06 0 0 0 0 0
0.860142 0 -1.94789e+11 1.13609e+11 0 0 0 0 -1.94789e+11 1.13609e+11 0 0 0 0 0 0 0 0 0 0 0 0 0 1.07192e+06 0 0 0 0 0
0.871826 0 -1.96532e+11 1.14897e+11 0 0 0 0 -1.96532e+11 1.14897e+11 0 0 0 0 0 0 0 0 0 0 0 0 0 1.07192e+06 0 0 0 0 0
0.881683 0 -1.98199e+11 1.16176e+11 0 0 0 0 -1.98199e+11 1.16176e+11 0 0 0 0 0 0 0 0 0 0 0 0 0 1.07192e+06 0 0 0 0 0
0.891652 0 -2.0035e+11 1.17891e+11 0 0 0 0 -2.0035e+11 1.17891e+11 0 0 0 0 0 0 0 0 0 0 0 0 0 1.07192e+06 0 0 0 0 0
0.901733 0 -2.01417e+11 1.18569e+11 0 0 0 0 -2.01417e+11 1.18569e+11 0 0 0 0 0 0 0 0 0 0 0 0 0 1.07192e+06 0 0 0 0 0
0.911929 0 -2.02122e+11 1.18851e+11 0 0 0 0 -2.02122e+11 1.18851e+11 0 0 0 0 0 0 0 0 0 0 0 0 0 1.07192e+06 0 0 0 0 0
0.920168 0 -2.02597e+11 1.19004e+11 0 0 0 0 -2.02597e+11 1.19004e+11 0 0 0 0 0 0 0 0 0 0 0 0 0 1.07192e+06 0 0 0 0 0
0.930572 0 -2.03803e+11 1.19807e+11 0 0 0 0 -2.03803e+11 1.19807e+11 0 0 0 0 0 0 0 0 0 0 0 0 0 1.07192e+06 0 0 0 0 0
0.941094 0 -2.04859e+11 1.20451e+11 0 0 0 0 -2.04859e+11 1.20451e+11 0 0 0 0 0 0 0 0 0 0 0 0 0 1.07192e+06 0 0 0 0 0
0.951734 0 -2.05802e+11 1.20965e+11 0 0 0 0 -2.05802e+11 1.20965e+11 0 0 0 0 0 0 0 0 0 0 0 0 0 1.07192e+06 0 0 0 0 0
0.960333 0 -2.06423e+11 1.21238e+11 0 0 0 0 -2.06423e+11 1.21238e+11 0 0 0 0 0 0 0 0 0 0 0 0 0 1.07192e+06 0 0 0 0 0
0.971191 0 -2.07824e+11 1.22221e+11 0 0 0 0 -2.07824e+11 1.22221e+11 0 0 0 0 0 0 0 0 0 0 0 0 0 1.07192e+06 0 0 0 0 0
0.982172 0 -2.08606e+11 1.22589e+11 0 0 0 0 -2.08606e+11 1.22589e+11 0 0 0 0 0 0 0 0 0 0 0 0 0 1.07192e+06 0 0 0 0 0
0.991046 0 -2.09485e+11 1.23124e+11 0 0 0 0 -2.09485e+11 1.23124e+11 0 0 0 0 0 0 0 0 0 0 0 0 0 1.07192e+06 0 0 0 0 0
