0.01 0 -1.85811e+12 7.7232e+08 0 0 0 0 -1.85811e+12 7.7232e+08 0 0 0 0 0 0 0 0 0 0 0 0 0 1.07192e+06 0 0 0 0 0
0.0200786 0 -9.27319e+11 1.4956e+09 0 0 0 0 -9.27319e+11 1.4956e+09 0 0 0 0 0 0 0 0 0 0 0 0 0 1.07192e+06 0 0 0 0 0
0.0300965 0 -6.20558e+11 2.21619e+09 0 0 0 0 -6.20558e+11 2.21619e+09 0 0 0 0 0 0 0 0 0 0 0 0 0 1.07192e+06 0 0 0 0 0
0.0401343 0 -4.67317e+11 2.93662e+09 0 0 0 0 -4.67317e+11 2.93662e+09 0 0 0 0 0 0 0 0 0 0 0 0 0 1.07192e+06 0 0 0 0 0
0.0500286 0 -3.76715e+11 3.64605e+09 0 0 0 0 -3.76715e+11 3.64605e+09 0 0 0 0 0 0 0 0 0 0 0 0 0 1.07192e+06 0 0 0 0 0
0.0601585 0 -3.1534e+11 4.37269e+09 0 0 0 0 -3.1534e+11 4.37269e+09 0 0 0 0 0 0 0 0 0 0 0 0 0 1.07192e+06 0 0 0 0 0
0.0700976 0 -2.72585e+11 5.08689e+09 0 0 0 0 -2.72585e+11 5.08689e+09 0 0 0 0 0 0 0 0 0 0 0 0 0 1.07192e+06 0 0 0 0 0
0.0802226 0 -2.40305e+11 5.8166e+09 0 0 0 0 -2.40305e+11 5.8166e+09 0 0 0 0 0 0 0 0 0 0 0 0 0 1.07192e+06 0 0 0 0 0
0.0901733 0 -2.15822e+11 6.5367e+09 0 0 0 0 -2.15822e+11 6.5367e+09 0 0 0 0 0 0 0 0 0 0 0 0 0 1.07192e+06 0 0 0 0 0
0.100451 0 -1.95812e+11 7.28433e+09 0 0 0 0 -1.95812e+11 7.28433e+09 0 0 0 0 0 0 0 0 0 0 0 0 0 1.07192e+06 0 0 0 0 0
0.1104 0 -1.80278e+11 8.01279e+09 0 0 0 0 -1.80278e+11 8.01279e+09 0 0 0 0 0 0 0 0 0 0 0 0 0 1.07192e+06 0 0 0 0 0
0.120248 0 -1.67552e+11 8.73919e+09 0 0 0 0 -1.67552e+11 8.73919e+09 0 0 0 0 0 0 0 0 0 0 0 0 0 1.07192e+06 0 0 0 0 0
0.130387 0 -1.56661e+11 9.49375e+09 0 0 0 0 -1.56661e+11 9.49375e+09 0 0 0 0 0 0 0 0 0 0 0 0 0 1.07192e+06 0 0 0 0 0
0.140115 0 -1.47888e+11 1.02251e+10 0 0 0 0 -1.47888e+11 1.02251e+10 0 0 0 0 0 0 0 0 0 0 0 0 0 1.07192e+06 0 0 0 0 0
0.150569 0 -1.39879e+11 1.10208e+10 0 0 0 0 -1.39879e+11 1.10208e+10 0 0 0 0 0 0 0 0 0 0 0 0 0 1.07192e+06 0 0 0 0 0
0.160353 0 -1.33437e+11 1.17768e+10 0 0 0 0 -1.33437e+11 1.17768e+10 0 0 0 0 0 0 0 0 0 0 0 0 0 1.07192e+06 0 0 0 0 0
0.170008 0 -1.28008e+11 1.25362e+10 0 0 0 0 -1.28008e+11 1.25362e+10 0 0 0 0 0 0 0 0 0 0 0 0 0 1.07192e+06 0 0 0 0 0
0.180243 0 -1.23004e+11 1.33657e+10 0 0 0 0 -1.23004e+11 1.33657e+10 0 0 0 0 0 0 0 0 0 0 0 0 0 1.07192e+06 0 0 0 0 0
0.190238 0 -1.18792e+11 1.42052e+10 0 0 0 0 -1.18792e+11 1.42052e+10 0 0 0 0 0 0 0 0 0 0 0 0 0 1.07192e+06 0 0 0 0 0
0.200786 0 -1.14999e+11 1.51197e+10 0 0 0 0 -1.14999e+11 1.51197e+10 0 0 0 0 0 0 0 0 0 0 0 0 0 1.07192e+06 0 0 0 0 0
0.210022 0 -1.12119e+11 1.59471e+10 0 0 0 0 -1.12119e+11 1.59471e+10 0 0 0 0 0 0 0 0 0 0 0 0 0 1.07192e+06 0 0 0 0 0
0.220673 0 -1.09188e+11 1.68893e+10 0 0 0 0 -1.09188e+11 1.68893e+10 0 0 0 0 0 0 0 0 0 0 0 0 0 1.07192e+06 0 0 0 0 0
0.230824 0 -1.06987e+11 1.7982e+10 0 0 0 0 -1.06987e+11 1.7982e+10 0 0 0 0 0 0 0 0 0 0 0 0 0 1.07192e+06 0 0 0 0 0
0.240358 0 -1.05103e+11 1.89017e+10 0 0 0 0 -1.05103e+11 1.89017e+10 0 0 0 0 0 0 0 0 0 0 0 0 0 1.07192e+06 0 0 0 0 0
0.250287 0 -1.03454e+11 1.98943e+10 0 0 0 0 -1.03454e+11 1.98943e+10 0 0 0 0 0 0 0 0 0 0 0 0 0 1.07192e+06 0 0 0 0 0
0.260625 0 -1.02132e+11 2.10804e+10 0 0 0 0 -1.02132e+11 2.10804e+10 0 0 0 0 0 0 0 0 0 0 0 0 0 1.07192e+06 0 0 0 0 0
0.270172 0 -1.00927e+11 2.19697e+10 0 0 0 0 -1.00927e+11 2.19697e+10 0 0 0 0 0 0 0 0 0 0 0 0 0 1.07192e+06 0 0 0 0 0
0.280069 0 -9.99958e+10 2.30407e+10 0 0 0 0 -9.99958e+10 2.30407e+10 0 0 0 0 0 0 0 0 0 0 0 0 0 1.07192e+06 0 0 0 0 0
0.290329 0 -9.91932e+10 2.41203e+10 0 0 0 0 -9.91932e+10 2.41203e+10 0 0 0 0 0 0 0 0 0 0 0 0 0 1.07192e+06 0 0 0 0 0
0.300965 0 -9.85329e+10 2.5248e+10 0 0 0 0 -9.85329e+10 2.5248e+10 0 0 0 0 0 0 0 0 0 0 0 0 0 1.07192e+06 0 0 0 0 0
0.31059 0 -9.82207e+10 2.64038e+10 0 0 0 0 -9.82207e+10 2.64038e+10 0 0 0 0 0 0 0 0 0 0 0 0 0 1.07192e+06 0 0 0 0 0
0.320523 0 -9.8063e+10 2.76333e+10 0 0 0 0 -9.8063e+10 2.76333e+10 0 0 0 0 0 0 0 0 0 0 0 0 0 1.07192e+06 0 0 0 0 0
0.330774 0 -9.81419e+10 2.90048e+10 0 0 0 0 -9.81419e+10 2.90048e+10 0 0 0 0 0 0 0 0 0 0 0 0 0 1.07192e+06 0 0 0 0 0
0.341353 0 -9.82948e+10 3.04008e+10 0 0 0 0 -9.82948e+10 3.04008e+10 0 0 0 0 0 0 0 0 0 0 0 0 0 1.07192e+06 0 0 0 0 0
0.350689 0 -9.8704e+10 3.17765e+10 0 0 0 0 -9.8704e+10 3.17765e+10 0 0 0 0 0 0 0 0 0 0 0 0 0 1.07192e+06 0 0 0 0 0
0.36028 0 -9.91553e+10 3.31453e+10 0 0 0 0 -9.91553e+10 3.31453e+10 0 0 0 0 0 0 0 0 0 0 0 0 0 1.07192e+06 0 0 0 0 0
0.370134 0 -9.93646e+10 3.42315e+10 0 0 0 0 -9.93646e+10 3.42315e+10 0 0 0 0 0 0 0 0 0 0 0 0 0 1.07192e+06 0 0 0 0 0
0.380258 0 -9.96223e+10 3.52903e+10 0 0 0 0 -9.96223e+10 3.52903e+10 0 0 0 0 0 0 0 0 0 0 0 0 0 1.07192e+06 0 0 0 0 0
0.390658 0 -1.00012e+11 3.64406e+10 0 0 0 0 -1.00012e+11 3.64406e+10 0 0 0 0 0 0 0 0 0 0 0 0 0 1.07192e+06 0 0 0 0 0
0.401343 0 -1.00591e+11 3.77233e+10 0 0 0 0 -1.00591e+11 3.77233e+10 0 0 0 0 0 0 0 0 0 0 0 0 0 1.07192e+06 0 0 0 0 0
0.41047 0 -1.01205e+11 3.88778e+10 0 0 0 0 -1.01205e+11 3.88778e+10 0 0 0 0 0 0 0 0 0 0 0 0 0 1.07192e+06 0 0 0 0 0
0.421697 0 -1.01626e+11 3.99238e+10 0 0 0 0 -1.01626e+11 3.99238e+10 0 0 0 0 0 0 0 0 0 0 0 0 0 1.07192e+06 0 0 0 0 0
0.431286 0 -1.02072e+11 4.08343e+10 0 0 0 0 -1.02072e+11 4.08343e+10 0 0 0 0 0 0 0 0 0 0 0 0 0 1.07192e+06 0 0 0 0 0
0.441094 0 -1.02878e+11 4.20963e+10 0 0 0 0 -1.02878e+11 4.20963e+10 0 0 0 0 0 0 0 0 0 0 0 0 0 1.07192e+06 0 0 0 0 0
0.451125 0 -1.03774e+11 4.33974e+10 0 0 0 0 -1.03774e+11 4.33974e+10 0 0 0 0 0 0 0 0 0 0 0 0 0 1.07192e+06 0 0 0 0 0
0.461384 0 -1.04784e+11 4.47558e+10 0 0 0 0 -1.04784e+11 4.47558e+10 0 0 0 0 0 0 0 0 0 0 0 0 0 1.07192e+06 0 0 0 0 0
0.471876 0 -1.06232e+11 4.65079e+10 0 0 0 0 -1.06232e+11 4.65079e+10 0 0 0 0 0 0 0 0 0 0 0 0 0 1.07192e+06 0 0 0 0 0
0.480442 0 -1.07029e+11 4.75569e+10 0 0 0 0 -1.07029e+11 4.75569e+10 0 0 0 0 0 0 0 0 0 0 0 0 0 1.07192e+06 0 0 0 0 0
0.490264 0 -1.08345e+11 4.90871e+10 0 0 0 0 -1.08345e+11 4.90871e+10 0 0 0 0 0 0 0 0 0 0 0 0 0 1.07192e+06 0 0 0 0 0
0.500286 0 -1.09149e+11 5.00787e+10 0 0 0 0 -1.09149e+11 5.00787e+10 0 0 0 0 0 0 0 0 0 0 0 0 0 1.07192e+06 0 0 0 0 0
0.510514 0 -1.10266e+11 5.13521e+10 0 0 0 0 -1.10266e+11 5.13521e+10 0 0 0 0 0 0 0 0 0 0 0 0 0 1.07192e+06 0 0 0 0 0
0.520951 0 -1.11171e+11 5.23769e+10 0 0 0 0 -1.11171e+11 5.23769e+10 0 0 0 0 0 0 0 0 0 0 0 0 0 1.07192e+06 0 0 0 0 0
0.530407 0 -1.11845e+11 5.31549e+10 0 0 0 0 -1.11845e+11 5.31549e+10 0 0 0 0 0 0 0 0 0 0 0 0 0 1.07192e+06 0 0 0 0 0
0.540035 0 -1.12811e+11 5.41888e+10 0 0 0 0 -1.12811e+11 5.41888e+10 0 0 0 0 0 0 0 0 0 0 0 0 0 1.07192e+06 0 0 0 0 0
0.551075 0 -1.13716e+11 5.51628e+10 0 0 0 0 -1.13716e+11 5.51628e+10 0 0 0 0 0 0 0 0 0 0 0 0 0 1.07192e+06 0 0 0 0 0
0.561078 0 -1.14478e+11 5.59744e+10 0 0 0 0 -1.14478e+11 5.59744e+10 0 0 0 0 0 0 0 0 0 0 0 0 0 1.07192e+06 0 0 0 0 0
0.571263 0 -1.15696e+11 5.71906e+10 0 0 0 0 -1.15696e+11 5.71906e+10 0 0 0 0 0 0 0 0 0 0 0 0 0 1.07192e+06 0 0 0 0 0
0.580326 0 -1.16869e+11 5.83707e+10 0 0 0 0 -1.16869e+11 5.83707e+10 0 0 0 0 0 0 0 0 0 0 0 0 0 1.07192e+06 0 0 0 0 0
0.59086 0 -1.18059e+11 5.95472e+10 0 0 0 0 -1.18059e+11 5.95472e+10 0 0 0 0 0 0 0 0 0 0 0 0 0 1.07192e+06 0 0 0 0 0
0.600234 0 -1.19362e+11 6.08083e+10 0 0 0 0 -1.19362e+11 6.08083e+10 0 0 0 0 0 0 0 0 0 0 0 0 0 1.07192e+06 0 0 0 0 0
0.611129 0 -1.20609e+11 6.20067e+10 0 0 0 0 -1.20609e+11 6.20067e+10 0 0 0 0 0 0 0 0 0 0 0 0 0 1.07192e+06 0 0 0 0 0
0.620824 0 -1.21352e+11 6.26702e+10 0 0 0 0 -1.21352e+11 6.26702e+10 0 0 0 0 0 0 0 0 0 0 0 0 0 1.07192e+06 0 0 0 0 0
0.630674 0 -1.22265e+11 6.35017e+10 0 0 0 0 -1.22265e+11 6.35017e+10 0 0 0 0 0 0 0 0 0 0 0 0 0 1.07192e+06 0 0 0 0 0
0.640679 0 -1.22655e+11 6.38087e+10 0 0 0 0 -1.22655e+11 6.38087e+10 0 0 0 0 0 0 0 0 0 0 0 0 0 1.07192e+06 0 0 0 0 0
0.650843 0 -1.23135e+11 6.41951e+10 0 0 0 0 -1.23135e+11 6.41951e+10 0 0 0 0 0 0 0 0 0 0 0 0 0 1.07192e+06 0 0 0 0 0
0.661169 0 -1.23746e+11 6.46974e+10 0 0 0 0 -1.23746e+11 6.46974e+10 0 0 0 0 0 0 0 0 0 0 0 0 0 1.07192e+06 0 0 0 0 0
0.67015 0 -1.23764e+11 6.46266e+10 0 0 0 0 -1.23764e+11 6.46266e+10 0 0 0 0 0 0 0 0 0 0 0 0 0 1.07192e+06 0 0 0 0 0
0.680782 0 -1.2348e+11 6.4265e+10 0 0 0 0 -1.2348e+11 6.4265e+10 0 0 0 0 0 0 0 0 0 0 0 0 0 1.07192e+06 0 0 0 0 0
0.690029 0 -1.23659e+11 6.43661e+10 0 0 0 0 -1.23659e+11 6.43661e+10 0 0 0 0 0 0 0 0 0 0 0 0 0 1.07192e+06 0 0 0 0 0
0.700976 0 -1.24284e+11 6.49078e+10 0 0 0 0 -1.24284e+11 6.49078e+10 0 0 0 0 0 0 0 0 0 0 0 0 0 1.07192e+06 0 0 0 0 0
0.710497 0 -1.25391e+11 6.59235e+10 0 0 0 0 -1.25391e+11 6.59235e+10 0 0 0 0 0 0 0 0 0 0 0 0 0 1.07192e+06 0 0 0 0 0
0.720148 0 -1.26686e+11 6.71187e+10 0 0 0 0 -1.26686e+11 6.71187e+10 0 0 0 0 0 0 0 0 0 0 0 0 0 1.07192e+06 0 0 0 0 0
0.731573 0 -1.27907e+11 6.81897e+10 0 0 0 0 -1.27907e+11 6.81897e+10 0 0 0 0 0 0 0 0 0 0 0 0 0 1.07192e+06 0 0 0 0 0
0.74151 0 -1.29084e+11 6.92207e+10 0 0 0 0 -1.29084e+11 6.92207e+10 0 0 0 0 0 0 0 0 0 0 0 0 0 1.07192e+06 0 0 0 0 0
0.751582 0 -1.30205e+11 7.02165e+10 0 0 0 0 -1.30205e+11 7.02165e+10 0 0 0 0 0 0 0 0 0 0 0 0 0 1.07192e+06 0 0 0 0 0
0.76008 0 -1.31177e+11 7.10582e+10 0 0 0 0 -1.31177e+11 7.10582e+10 0 0 0 0 0 0 0 0 0 0 0 0 0 1.07192e+06 0 0 0 0 0
0.770404 0 -1.31947e+11 7.16652e+10 0 0 0 0 -1.31947e+11 7.16652e+10 0 0 0 0 0 0 0 0 0 0 0 0 0 1.07192e+06 0 0 0 0 0
0.780869 0 -1.3287e+11 7.2409e+10 0 0 0 0 -1.3287e+11 7.2409e+10 0 0 0 0 0 0 0 0 0 0 0 0 0 1.07192e+06 0 0 0 0 0
0.791476 0 -1.33254e+11 7.26212e+10 0 0 0 0 -1.33254e+11 7.26212e+10 0 0 0 0 0 0 0 0 0 0 0 0 0 1.07192e+06 0 0 0 0 0
0.800424 0 -1.33605e+11 7.2836e+10 0 0 0 0 -1.33605e+11 7.2836e+10 0 0 0 0 0 0 0 0 0 0 0 0 0 1.07192e+06 0 0 0 0 0
0.811297 0 -1.33672e+11 7.27261e+10 0 0 0 0 -1.33672e+11 7.27261e+10 0 0 0 0 0 0 0 0 0 0 0 0 0 1.07192e+06 0 0 0 0 0
0.82047 0 -1.33586e+11 7.25138e+10 0 0 0 0 -1.33586e+11 7.25138e+10 0 0 0 0 0 0 0 0 0 0 0 0 0 1.07192e+06 0 0 0 0 0
0.831614 0 -1.3344e+11 7.21969e+10 0 0 0 0 -1.3344e+11 7.21969e+10 0 0 0 0 0 0 0 0 0 0 0 0 0 1.07192e+06 0 0 0 0 0
0.841017 0 -1.33567e+11 7.22039e+10 0 0 0 0 -1.33567e+11 7.22039e+10 0 0 0 0 0 0 0 0 0 0 0 0 0 1.07192e+06 0 0 0 0 0
0.850526 0 -1.34082e+11 7.25895e+10 0 0 0 0 -1.34082e+11 7.25895e+10 0 0 0 0 0 0 0 0 0 0 0 0 0 1.07192e+06 0 0 0 0 0
0.860142 0 -1.34789e+11 7.31762e+10 0 0 0 0 -1.34789e+11 7.31762e+10 0 0 0 0 0 0 0 0 0 0 0 0 0 1.07192e+06 0 0 0 0 0
0.871826 0 -1.35616e+11 7.38329e+10 0 0 0 0 -1.35616e+11 7.38329e+10 0 0 0 0 0 0 0 0 0 0 0 0 0 1.07192e+06 0 0 0 0 0
0.881683 0 -1.3638e+11 7.44457e+10 0 0 0 0 -1.3638e+11 7.44457e+10 0 0 0 0 0 0 0 0 0 0 0 0 0 1.07192e+06 0 0 0 0 0
0.891652 0 -1.36763e+11 7.46825e+10 0 0 0 0 -1.36763e+11 7.46825e+10 0 0 0 0 0 0 0 0 0 0 0 0 0 1.07192e+06 0 0 0 0 0
0.901733 0 -1.3775e+11 7.55191e+10 0 0 0 0 -1.3775e+11 7.55191e+10 0 0 0 0 0 0 0 0 0 0 0 0 0 1.07192e+06 0 0 0 0 0
0.911929 0 -1.39204e+11 7.68067e+10 0 0 0 0 -1.39204e+11 7.68067e+10 0 0 0 0 0 0 0 0 0 0 0 0 0 1.07192e+06 0 0 0 0 0
0.920168 0 -1.40401e+11 7.78761e+10 0 0 0 0 -1.40401e+11 7.78761e+10 0 0 0 0 0 0 0 0 0 0 0 0 0 1.07192e+06 0 0 0 0 0
0.930572 0 -1.41729e+11 7.90122e+10 0 0 0 0 -1.41729e+11 7.90122e+10 0 0 0 0 0 0 0 0 0 0 0 0 0 1.07192e+06 0 0 0 0 0
0.941094 0 -1.42956e+11 8.004e+10 0 0 0 0 -1.42956e+11 8.004e+10 0 0 0 0 0 0 0 0 0 0 0 0 0 1.07192e+06 0 0 0 0 0
0.951734 0 -1.44788e+11 8.16642e+10 0 0 0 0 -1.44788e+11 8.16642e+10 0 0 0 0 0 0 0 0 0 0 0 0 0 1.07192e+06 0 0 0 0 0
0.960333 0 -1.46398e+11 8.30799e+10 0 0 0 0 -1.46398e+11 8.30799e+10 0 0 0 0 0 0 0 0 0 0 0 0 0 1.07192e+06 0 0 0 0 0
0.971191 0 -1.48394e+11 8.48523e+10 0 0 0 0 -1.48394e+11 8.48523e+10 0 0 0 0 0 0 0 0 0 0 0 0 0 1.07192e+06 0 0 0 0 0
0.982172 0 -1.5049e+11 8.66826e+10 0 0 0 0 -1.5049e+11 8.66826e+10 0 0 0 0 0 0 0 0 0 0 0 0 0 1.07192e+06 0 0 0 0 0
0.991046 0 -1.52238e+11 8.82141e+10 0 0 0 0 -1.52238e+11 8.82141e+10 0 0 0 0 0 0 0 0 0 0 0 0 0 1.07192e+06 0 0 0 0 0
