0.01 0 -1.85833e+12 1.08894e+09 0 0 0 0 -1.85833e+12 1.08894e+09 0 0 0 0 0 0 0 0 0 0 0 0 0 1.07192e+06 0 0 0 0 0
0.0200786 0 -9.28141e+11 2.13045e+09 0 0 0 0 -9.28141e+11 2.13045e+09 0 0 0 0 0 0 0 0 0 0 0 0 0 1.07192e+06 0 0 0 0 0
0.0300965 0 -6.21879e+11 3.16697e+09 0 0 0 0 -6.21879e+11 3.16697e+09 0 0 0 0 0 0 0 0 0 0 0 0 0 1.07192e+06 0 0 0 0 0
0.0401343 0 -4.69263e+11 4.20381e+09 0 0 0 0 -4.69263e+11 4.20381e+09 0 0 0 0 0 0 0 0 0 0 0 0 0 1.07192e+06 0 0 0 0 0
0.0500286 0 -3.79104e+11 5.22529e+09 0 0 0 0 -3.79104e+11 5.22529e+09 0 0 0 0 0 0 0 0 0 0 0 0 0 1.07192e+06 0 0 0 0 0
0.0601585 0 -3.18201e+11 6.2719e+09 0 0 0 0 -3.18201e+11 6.2719e+09 0 0 0 0 0 0 0 0 0 0 0 0 0 1.07192e+06 0 0 0 0 0
0.0700976 0 -2.75949e+11 7.30085e+09 0 0 0 0 -2.75949e+11 7.30085e+09 0 0 0 0 0 0 0 0 0 0 0 0 0 1.07192e+06 0 0 0 0 0
0.0802226 0 -2.44088e+11 8.35241e+09 0 0 0 0 -2.44088e+11 8.35241e+09 0 0 0 0 0 0 0 0 0 0 0 0 0 1.07192e+06 0 0 0 0 0
0.0901733 0 -2.20107e+11 9.39041e+09 0 0 0 0 -2.20107e+11 9.39041e+09 0 0 0 0 0 0 0 0 0 0 0 0 0 1.07192e+06 0 0 0 0 0
0.100451 0 -2.00666e+11 1.04685e+10 0 0 0 0 -2.00666e+11 1.04685e+10 0 0 0 0 0 0 0 0 0 0 0 0 0 1.07192e+06 0 0 0 0 0
0.1104 0 -1.85511e+11 1.15195e+10 0 0 0 0 -1.85511e+11 1.15195e+10 0 0 0 0 0 0 0 0 0 0 0 0 0 1.07192e+06 0 0 0 0 0
0.120248 0 -1.73261e+11 1.25684e+10 0 0 0 0 -1.73261e+11 1.25684e+10 0 0 0 0 0 0 0 0 0 0 0 0 0 1.07192e+06 0 0 0 0 0
0.130387 0 -1.62963e+11 1.36592e+10 0 0 0 0 -1.62963e+11 1.36592e+10 0 0 0 0 0 0 0 0 0 0 0 0 0 1.07192e+06 0 0 0 0 0
0.140115 0 -1.54565e+11 1.47187e+10 0 0 0 0 -1.54565e+11 1.47187e+10 0 0 0 0 0 0 0 0 0 0 0 0 0 1.07192e+06 0 0 0 0 0
0.150569 0 -1.47126e+11 1.5876e+10 0 0 0 0 -1.47126e+11 1.5876e+10 0 0 0 0 0 0 0 0 0 0 0 0 0 1.07192e+06 0 0 0 0 0
0.160353 0 -1.41209e+11 1.69931e+10 0 0 0 0 -1.41209e+11 1.69931e+10 0 0 0 0 0 0 0 0 0 0 0 0 0 1.07192e+06 0 0 0 0 0
0.170008 0 -1.36345e+11 1.81495e+10 0 0 0 0 -1.36345e+11 1.81495e+10 0 0 0 0 0 0 0 0 0 0 0 0 0 1.07192e+06 0 0 0 0 0
0.180243 0 -1.3186e+11 1.93382e+10 0 0 0 0 -1.3186e+11 1.93382e+10 0 0 0 0 0 0 0 0 0 0 0 0 0 1.07192e+06 0 0 0 0 0
0.190238 0 -1.2823e+11 2.05682e+10 0 0 0 0 -1.2823e+11 2.05682e+10 0 0 0 0 0 0 0 0 0 0 0 0 0 1.07192e+06 0 0 0 0 0
0.200786 0 -1.25116e+11 2.20097e+10 0 0 0 0 -1.25116e+11 2.20097e+10 0 0 0 0 0 0 0 0 0 0 0 0 0 1.07192e+06 0 0 0 0 0
0.210022 0 -1.22738e+11 2.31302e+10 0 0 0 0 -1.22738e+11 2.31302e+10 0 0 0 0 0 0 0 0 0 0 0 0 0 1.07192e+06 0 0 0 0 0
0.220673 0 -1.20684e+11 2.47711e+10 0 0 0 0 -1.20684e+11 2.47711e+10 0 0 0 0 0 0 0 0 0 0 0 0 0 1.07192e+06 0 0 0 0 0
0.230824 0 -1.18846e+11 2.60346e+10 0 0 0 0 -1.18846e+11 2.60346e+10 0 0 0 0 0 0 0 0 0 0 0 0 0 1.07192e+06 0 0 0 0 0
0.240358 0 -1.17719e+11 2.74989e+10 0 0 0 0 -1.17719e+11 2.74989e+10 0 0 0 0 0 0 0 0 0 0 0 0 0 1.07192e+06 0 0 0 0 0
0.250287 0 -1.16662e+11 2.89263e+10 0 0 0 0 -1.16662e+11 2.89263e+10 0 0 0 0 0 0 0 0 0 0 0 0 0 1.07192e+06 0 0 0 0 0
0.260625 0 -1.15855e+11 3.04226e+10 0 0 0 0 -1.15855e+11 3.04226e+10 0 0 0 0 0 0 0 0 0 0 0 0 0 1.07192e+06 0 0 0 0 0
0.270172 0 -1.15524e+11 3.19987e+10 0 0 0 0 -1.15524e+11 3.19987e+10 0 0 0 0 0 0 0 0 0 0 0 0 0 1.07192e+06 0 0 0 0 0
0.280069 0 -1.15325e+11 3.35929e+10 0 0 0 0 -1.15325e+11 3.35929e+10 0 0 0 0 0 0 0 0 0 0 0 0 0 1.07192e+06 0 0 0 0 0
0.290329 0 -1.15239e+11 3.52012e+10 0 0 0 0 -1.15239e+11 3.52012e+10 0 0 0 0 0 0 0 0 0 0 0 0 0 1.07192e+06 0 0 0 0 0
0.300965 0 -1.15517e+11 3.70132e+10 0 0 0 0 -1.15517e+11 3.70132e+10 0 0 0 0 0 0 0 0 0 0 0 0 0 1.07192e+06 0 0 0 0 0
0.31059 0 -1.15697e+11 3.84509e+10 0 0 0 0 -1.15697e+11 3.84509e+10 0 0 0 0 0 0 0 0 0 0 0 0 0 1.07192e+06 0 0 0 0 0
0.320523 0 -1.15957e+11 3.98975e+10 0 0 0 0 -1.15957e+11 3.98975e+10 0 0 0 0 0 0 0 0 0 0 0 0 0 1.07192e+06 0 0 0 0 0
0.330774 0 -1.16552e+11 4.15765e+10 0 0 0 0 -1.16552e+11 4.15765e+10 0 0 0 0 0 0 0 0 0 0 0 0 0 1.07192e+06 0 0 0 0 0
0.341353 0 -1.17441e+11 4.34779e+10 0 0 0 0 -1.17441e+11 4.34779e+10 0 0 0 0 0 0 0 0 0 0 0 0 0 1.07192e+06 0 0 0 0 0
0.350689 0 -1.18077e+11 4.49075e+10 0 0 0 0 -1.18077e+11 4.49075e+10 0 0 0 0 0 0 0 0 0 0 0 0 0 1.07192e+06 0 0 0 0 0
0.36028 0 -1.18766e+11 4.63398e+10 0 0 0 0 -1.18766e+11 4.63398e+10 0 0 0 0 0 0 0 0 0 0 0 0 0 1.07192e+06 0 0 0 0 0
0.370134 0 -1.19721e+11 4.79722e+10 0 0 0 0 -1.19721e+11 4.79722e+10 0 0 0 0 0 0 0 0 0 0 0 0 0 1.07192e+06 0 0 0 0 0
0.380258 0 -1.21153e+11 5.00048e+10 0 0 0 0 -1.21153e+11 5.00048e+10 0 0 0 0 0 0 0 0 0 0 0 0 0 1.07192e+06 0 0 0 0 0
0.390658 0 -1.22314e+11 5.17137e+10 0 0 0 0 -1.22314e+11 5.17137e+10 0 0 0 0 0 0 0 0 0 0 0 0 0 1.07192e+06 0 0 0 0 0
0.401343 0 -1.23165e+11 5.30611e+10 0 0 0 0 -1.23165e+11 5.30611e+10 0 0 0 0 0 0 0 0 0 0 0 0 0 1.07192e+06 0 0 0 0 0
0.41047 0 -1.24236e+11 5.44831e+10 0 0 0 0 -1.24236e+11 5.44831e+10 0 0 0 0 0 0 0 0 0 0 0 0 0 1.07192e+06 0 0 0 0 0
0.421697 0 -1.25618e+11 5.62703e+10 0 0 0 0 -1.25618e+11 5.62703e+10 0 0 0 0 0 0 0 0 0 0 0 0 0 1.07192e+06 0 0 0 0 0
0.431286 0 -1.26926e+11 5.78498e+10 0 0 0 0 -1.26926e+11 5.78498e+10 0 0 0 0 0 0 0 0 0 0 0 0 0 1.07192e+06 0 0 0 0 0
0.441094 0 -1.28154e+11 5.93134e+10 0 0 0 0 -1.28154e+11 5.93134e+10 0 0 0 0 0 0 0 0 0 0 0 0 0 1.07192e+06 0 0 0 0 0
0.451125 0 -1.29345e+11 6.06938e+10 0 0 0 0 -1.29345e+11 6.06938e+10 0 0 0 0 0 0 0 0 0 0 0 0 0 1.07192e+06 0 0 0 0 0
0.461384 0 -1.30702e+11 6.22129e+10 0 0 0 0 -1.30702e+11 6.22129e+10 0 0 0 0 0 0 0 0 0 0 0 0 0 1.07192e+06 0 0 0 0 0
0.471876 0 -1.32175e+11 6.38139e+10 0 0 0 0 -1.32175e+11 6.38139e+10 0 0 0 0 0 0 0 0 0 0 0 0 0 1.07192e+06 0 0 0 0 0
0.480442 0 -1.33298e+11 6.5009e+10 0 0 0 0 -1.33298e+11 6.5009e+10 0 0 0 0 0 0 0 0 0 0 0 0 0 1.07192e+06 0 0 0 0 0
0.491367 0 -1.34881e+11 6.6629e+10 0 0 0 0 -1.34881e+11 6.6629e+10 0 0 0 0 0 0 0 0 0 0 0 0 0 1.07192e+06 0 0 0 0 0
0.500286 0 -1.36029e+11 6.7821e+10 0 0 0 0 -1.36029e+11 6.7821e+10 0 0 0 0 0 0 0 0 0 0 0 0 0 1.07192e+06 0 0 0 0 0
0.511663 0 -1.37598e+11 6.93558e+10 0 0 0 0 -1.37598e+11 6.93558e+10 0 0 0 0 0 0 0 0 0 0 0 0 0 1.07192e+06 0 0 0 0 0
0.520951 0 -1.39009e+11 7.07024e+10 0 0 0 0 -1.39009e+11 7.07024e+10 0 0 0 0 0 0 0 0 0 0 0 0 0 1.07192e+06 0 0 0 0 0
0.530407 0 -1.40828e+11 7.24692e+10 0 0 0 0 -1.40828e+11 7.24692e+10 0 0 0 0 0 0 0 0 0 0 0 0 0 1.07192e+06 0 0 0 0 0
0.540035 0 -1.4231e+11 7.38412e+10 0 0 0 0 -1.4231e+11 7.38412e+10 0 0 0 0 0 0 0 0 0 0 0 0 0 1.07192e+06 0 0 0 0 0
0.551075 0 -1.4366e+11 7.50528e+10 0 0 0 0 -1.4366e+11 7.50528e+10 0 0 0 0 0 0 0 0 0 0 0 0 0 1.07192e+06 0 0 0 0 0
0.561078 0 -1.45131e+11 7.6385e+10 0 0 0 0 -1.45131e+11 7.6385e+10 0 0 0 0 0 0 0 0 0 0 0 0 0 1.07192e+06 0 0 0 0 0
0.571263 0 -1.46645e+11 7.77306e+10 0 0 0 0 -1.46645e+11 7.77306e+10 0 0 0 0 0 0 0 0 0 0 0 0 0 1.07192e+06 0 0 0 0 0
0.580326 0 -1.48136e+11 7.90653e+10 0 0 0 0 -1.48136e+11 7.90653e+10 0 0 0 0 0 0 0 0 0 0 0 0 0 1.07192e+06 0 0 0 0 0
0.59086 0 -1.49753e+11 8.04709e+10 0 0 0 0 -1.49753e+11 8.04709e+10 0 0 0 0 0 0 0 0 0 0 0 0 0 1.07192e+06 0 0 0 0 0
0.600234 0 -1.51023e+11 8.15475e+10 0 0 0 0 -1.51023e+11 8.15475e+10 0 0 0 0 0 0 0 0 0 0 0 0 0 1.07192e+06 0 0 0 0 0
0.611129 0 -1.5269e+11 8.29694e+10 0 0 0 0 -1.5269e+11 8.29694e+10 0 0 0 0 0 0 0 0 0 0 0 0 0 1.07192e+06 0 0 0 0 0
0.620824 0 -1.54465e+11 8.45198e+10 0 0 0 0 -1.54465e+11 8.45198e+10 0 0 0 0 0 0 0 0 0 0 0 0 0 1.07192e+06 0 0 0 0 0
0.630674 0 -1.5651e+11 8.63097e+10 0 0 0 0 -1.5651e+11 8.63097e+10 0 0 0 0 0 0 0 0 0 0 0 0 0 1.07192e+06 0 0 0 0 0
0.640679 0 -1.58521e+11 8.8028e+10 0 0 0 0 -1.58521e+11 8.8028e+10 0 0 0 0 0 0 0 0 0 0 0 0 0 1.07192e+06 0 0 0 0 0
0.650843 0 -1.60427e+11 8.96259e+10 0 0 0 0 -1.60427e+11 8.96259e+10 0 0 0 0 0 0 0 0 0 0 0 0 0 1.07192e+06 0 0 0 0 0
0.661169 0 -1.61411e+11 9.02938e+10 0 0 0 0 -1.61411e+11 9.02938e+10 0 0 0 0 0 0 0 0 0 0 0 0 0 1.07192e+06 0 0 0 0 0
0.67015 0 -1.62268e+11 9.08849e+10 0 0 0 0 -1.62268e+11 9.08849e+10 0 0 0 0 0 0 0 0 0 0 0 0 0 1.07192e+06 0 0 0 0 0
0.680782 0 -1.63286e+11 9.15776e+10 0 0 0 0 -1.63286e+11 9.15776e+10 0 0 0 0 0 0 0 0 0 0 0 0 0 1.07192e+06 0 0 0 0 0
0.690029 0 -1.64671e+11 9.26703e+10 0 0 0 0 -1.64671e+11 9.26703e+10 0 0 0 0 0 0 0 0 0 0 0 0 0 1.07192e+06 0 0 0 0 0
0.700976 0 -1.65636e+11 9.32765e+10 0 0 0 0 -1.65636e+11 9.32765e+10 0 0 0 0 0 0 0 0 0 0 0 0 0 1.07192e+06 0 0 0 0 0
0.710497 0 -1.65948e+11 9.33193e+10 0 0 0 0 -1.65948e+11 9.33193e+10 0 0 0 0 0 0 0 0 0 0 0 0 0 1.07192e+06 0 0 0 0 0
0.720148 0 -1.66906e+11 9.39642e+10 0 0 0 0 -1.66906e+11 9.39642e+10 0 0 0 0 0 0 0 0 0 0 0 0 0 1.07192e+06 0 0 0 0 0
0.731573 0 -1.67824e+11 9.45354e+10 0 0 0 0 -1.67824e+11 9.45354e+10 0 0 0 0 0 0 0 0 0 0 0 0 0 1.07192e+06 0 0 0 0 0
0.74151 0 -1.68704e+11 9.51254e+10 0 0 0 0 -1.68704e+11 9.51254e+10 0 0 0 0 0 0 0 0 0 0 0 0 0 1.07192e+06 0 0 0 0 0
0.751582 0 -1.69912e+11 9.60223e+10 0 0 0 0 -1.69912e+11 9.60223e+10 0 0 0 0 0 0 0 0 0 0 0 0 0 1.07192e+06 0 0 0 0 0
0.76008 0 -1.70805e+11 9.66522e+10 0 0 0 0 -1.70805e+11 9.66522e+10 0 0 0 0 0 0 0 0 0 0 0 0 0 1.07192e+06 0 0 0 0 0
0.770404 0 -1.71595e+11 9.71316e+10 0 0 0 0 -1.71595e+11 9.71316e+10 0 0 0 0 0 0 0 0 0 0 0 0 0 1.07192e+06 0 0 0 0 0
0.780869 0 -1.72953e+11 9.81647e+10 0 0 0 0 -1.72953e+11 9.81647e+10 0 0 0 0 0 0 0 0 0 0 0 0 0 1.07192e+06 0 0 0 0 0
0.791476 0 -1.74302e+11 9.91731e+10 0 0 0 0 -1.74302e+11 9.91731e+10 0 0 0 0 0 0 0 0 0 0 0 0 0 1.07192e+06 0 0 0 0 0
0.800424 0 -1.75675e+11 1.00266e+11 0 0 0 0 -1.75675e+11 1.00266e+11 0 0 0 0 0 0 0 0 0 0 0 0 0 1.07192e+06 0 0 0 0 0
0.811297 0 -1.777e+11 1.0193e+11 0 0 0 0 -1.777e+11 1.0193e+11 0 0 0 0 0 0 0 0 0 0 0 0 0 1.07192e+06 0 0 0 0 0
0.82047 0 -1.79159e+11 1.03071e+11 0 0 0 0 -1.79159e+11 1.03071e+11 0 0 0 0 0 0 0 0 0 0 0 0 0 1.07192e+06 0 0 0 0 0
0.831614 0 -1.80435e+11 1.03956e+11 0 0 0 0 -1.80435e+11 1.03956e+11 0 0 0 0 0 0 0 0 0 0 0 0 0 1.07192e+06 0 0 0 0 0
0.841017 0 -1.8151e+11 1.04715e+11 0 0 0 0 -1.8151e+11 1.04715e+11 0 0 0 0 0 0 0 0 0 0 0 0 0 1.07192e+06 0 0 0 0 0
0.850526 0 -1.82679e+11 1.05571e+11 0 0 0 0 -1.82679e+11 1.05571e+11 0 0 0 0 0 0 0 0 0 0 0 0 0 1.07192e+06 0 0 0 0 0
0.860142 0 -1.83661e+11 1.0621e+11 0 0 0 0 -1.83661e+11 1.0621e+11 0 0 0 0 0 0 0 0 0 0 0 0 0 1.07192e+06 0 0 0 0 0
0.871826 0 -1.85415e+11 1.07559e+11 0 0 0 0 -1.85415e+11 1.07559e+11 0 0 0 0 0 0 0 0 0 0 0 0 0 1.07192e+06 0 0 0 0 0
0.881683 0 -1.87166e+11 1.08964e+11 0 0 0 0 -1.87166e+11 1.08964e+11 0 0 0 0 0 0 0 0 0 0 0 0 0 1.07192e+06 0 0 0 0 0
0.891652 0 -1.88018e+11 1.09459e+11 0 0 0 0 -1.88018e+11 1.09459e+11 0 0 0 0 0 0 0 0 0 0 0 0 0 1.07192e+06 0 0 0 0 0
0.901733 0 -1.88995e+11 1.10075e+11 0 0 0 0 -1.88995e+11 1.10075e+11 0 0 0 0 0 0 0 0 0 0 0 0 0 1.07192e+06 0 0 0 0 0
0.911929 0 -1.90186e+11 1.1091e+11 0 0 0 0 -1.90186e+11 1.1091e+11 0 0 0 0 0 0 0 0 0 0 0 0 0 1.07192e+06 0 0 0 0 0
0.920168 0 -1.91545e+11 1.11972e+11 0 0 0 0 -1.91545e+11 1.11972e+11 0 0 0 0 0 0 0 0 0 0 0 0 0 1.07192e+06 0 0 0 0 0
0.930572 0 -1.92762e+11 1.1279e+11 0 0 0 0 -1.92762e+11 1.1279e+11 0 0 0 0 0 0 0 0 0 0 0 0 0 1.07192e+06 0 0 0 0 0
0.941094 0 -1.92766e+11 1.12423e+11 0 0 0 0 -1.92766e+11 1.12423e+11 0 0 0 0 0 0 0 0 0 0 0 0 0 1.07192e+06 0 0 0 0 0
0.951734 0 -1.92564e+11 1.11848e+11 0 0 0 0 -1.92564e+11 1.11848e+11 0 0 0 0 0 0 0 0 0 0 0 0 0 1.07192e+06 0 0 0 0 0
0.960333 0 -1.92623e+11 1.11634e+11 0 0 0 0 -1.92623e+11 1.11634e+11 0 0 0 0 0 0 0 0 0 0 0 0 0 1.07192e+06 0 0 0 0 0
0.971191 0 -1.92895e+11 1.11536e+11 0 0 0 0 -1.92895e+11 1.11536e+11 0 0 0 0 0 0 0 0 0 0 0 0 0 1.07192e+06 0 0 0 0 0
0.982172 0 -1.9293e+11 1.11221e+11 0 0 0 0 -1.9293e+11 1.11221e+11 0 0 0 0 0 0 0 0 0 0 0 0 0 1.07192e+06 0 0 0 0 0
0.991046 0 -1.93165e+11 1.11188e+11 0 0 0 0 -1.93165e+11 1.11188e+11 0 0 0 0 0 0 0 0 0 0 0 0 0 1.07192e+06 0 0 0 0 0
