0.01 0 -1.85866e+12 8.57741e+08 0 0 0 0 -1.85866e+12 8.57741e+08 0 0 0 0 0 0 0 0 0 0 0 0 0 1.07192e+06 0 0 0 0 0
0.0200786 0 -9.27653e+11 1.66349e+09 0 0 0 0 -9.27653e+11 1.66349e+09 0 0 0 0 0 0 0 0 0 0 0 0 0 1.07192e+06 0 0 0 0 0
0.0300965 0 -6.20907e+11 2.46391e+09 0 0 0 0 -6.20907e+11 2.46391e+09 0 0 0 0 0 0 0 0 0 0 0 0 0 1.07192e+06 0 0 0 0 0
0.0401343 0 -4.67678e+11 3.26219e+09 0 0 0 0 -4.67678e+11 3.26219e+09 0 0 0 0 0 0 0 0 0 0 0 0 0 1.07192e+06 0 0 0 0 0
0.0500286 0 -3.77397e+11 4.04639e+09 0 0 0 0 -3.77397e+11 4.04639e+09 0 0 0 0 0 0 0 0 0 0 0 0 0 1.07192e+06 0 0 0 0 0
0.0601585 0 -3.16097e+11 4.84763e+09 0 0 0 0 -3.16097e+11 4.84763e+09 0 0 0 0 0 0 0 0 0 0 0 0 0 1.07192e+06 0 0 0 0 0
0.0700976 0 -2.7344e+11 5.63323e+09 0 0 0 0 -2.7344e+11 5.63323e+09 0 0 0 0 0 0 0 0 0 0 0 0 0 1.07192e+06 0 0 0 0 0
0.0802226 0 -2.41268e+11 6.43392e+09 0 0 0 0 -2.41268e+11 6.43392e+09 0 0 0 0 0 0 0 0 0 0 0 0 0 1.07192e+06 0 0 0 0 0
0.0901733 0 -2.16845e+11 7.22215e+09 0 0 0 0 -2.16845e+11 7.22215e+09 0 0 0 0 0 0 0 0 0 0 0 0 0 1.07192e+06 0 0 0 0 0
0.100451 0 -1.97031e+11 8.03853e+09 0 0 0 0 -1.97031e+11 8.03853e+09 0 0 0 0 0 0 0 0 0 0 0 0 0 1.07192e+06 0 0 0 0 0
0.1104 0 -1.81466e+11 8.83211e+09 0 0 0 0 -1.81466e+11 8.83211e+09 0 0 0 0 0 0 0 0 0 0 0 0 0 1.07192e+06 0 0 0 0 0
0.120248 0 -1.68917e+11 9.62171e+09 0 0 0 0 -1.68917e+11 9.62171e+09 0 0 0 0 0 0 0 0 0 0 0 0 0 1.07192e+06 0 0 0 0 0
0.130387 0 -1.5814e+11 1.04402e+10 0 0 0 0 -1.5814e+11 1.04402e+10 0 0 0 0 0 0 0 0 0 0 0 0 0 1.07192e+06 0 0 0 0 0
0.140115 0 -1.49413e+11 1.12322e+10 0 0 0 0 -1.49413e+11 1.12322e+10 0 0 0 0 0 0 0 0 0 0 0 0 0 1.07192e+06 0 0 0 0 0
0.150569 0 -1.41487e+11 1.20928e+10 0 0 0 0 -1.41487e+11 1.20928e+10 0 0 0 0 0 0 0 0 0 0 0 0 0 1.07192e+06 0 0 0 0 0
0.160353 0 -1.35162e+11 1.29103e+10 0 0 0 0 -1.35162e+11 1.29103e+10 0 0 0 0 0 0 0 0 0 0 0 0 0 1.07192e+06 0 0 0 0 0
0.170008 0 -1.29831e+11 1.37344e+10 0 0 0 0 -1.29831e+11 1.37344e+10 0 0 0 0 0 0 0 0 0 0 0 0 0 1.07192e+06 0 0 0 0 0
0.180243 0 -1.24978e+11 1.46595e+10 0 0 0 0 -1.24978e+11 1.46595e+10 0 0 0 0 0 0 0 0 0 0 0 0 0 1.07192e+06 0 0 0 0 0
0.190238 0 -1.20936e+11 1.56343e+10 0 0 0 0 -1.20936e+11 1.56343e+10 0 0 0 0 0 0 0 0 0 0 0 0 0 1.07192e+06 0 0 0 0 0
0.200786 0 -1.17165e+11 1.6582e+10 0 0 0 0 -1.17165e+11 1.6582e+10 0 0 0 0 0 0 0 0 0 0 0 0 0 1.07192e+06 0 0 0 0 0
0.210022 0 -1.14343e+11 1.73861e+10 0 0 0 0 -1.14343e+11 1.73861e+10 0 0 0 0 0 0 0 0 0 0 0 0 0 1.07192e+06 0 0 0 0 0
0.220673 0 -1.11605e+11 1.84758e+10 0 0 0 0 -1.11605e+11 1.84758e+10 0 0 0 0 0 0 0 0 0 0 0 0 0 1.07192e+06 0 0 0 0 0
0.230824 0 -1.09285e+11 1.94103e+10 0 0 0 0 -1.09285e+11 1.94103e+10 0 0 0 0 0 0 0 0 0 0 0 0 0 1.07192e+06 0 0 0 0 0
0.240358 0 -1.07535e+11 2.0441e+10 0 0 0 0 -1.07535e+11 2.0441e+10 0 0 0 0 0 0 0 0 0 0 0 0 0 1.07192e+06 0 0 0 0 0
0.250287 0 -1.05837e+11 2.13999e+10 0 0 0 0 -1.05837e+11 2.13999e+10 0 0 0 0 0 0 0 0 0 0 0 0 0 1.07192e+06 0 0 0 0 0
0.260625 0 -1.04577e+11 2.26037e+10 0 0 0 0 -1.04577e+11 2.26037e+10 0 0 0 0 0 0 0 0 0 0 0 0 0 1.07192e+06 0 0 0 0 0
0.270172 0 -1.03793e+11 2.38908e+10 0 0 0 0 -1.03793e+11 2.38908e+10 0 0 0 0 0 0 0 0 0 0 0 0 0 1.07192e+06 0 0 0 0 0
0.280069 0 -1.02929e+11 2.4978e+10 0 0 0 0 -1.02929e+11 2.4978e+10 0 0 0 0 0 0 0 0 0 0 0 0 0 1.07192e+06 0 0 0 0 0
0.290329 0 -1.02212e+11 2.61301e+10 0 0 0 0 -1.02212e+11 2.61301e+10 0 0 0 0 0 0 0 0 0 0 0 0 0 1.07192e+06 0 0 0 0 0
0.300965 0 -1.01702e+11 2.73528e+10 0 0 0 0 -1.01702e+11 2.73528e+10 0 0 0 0 0 0 0 0 0 0 0 0 0 1.07192e+06 0 0 0 0 0
0.31059 0 -1.01379e+11 2.8473e+10 0 0 0 0 -1.01379e+11 2.8473e+10 0 0 0 0 0 0 0 0 0 0 0 0 0 1.07192e+06 0 0 0 0 0
0.320523 0 -1.01359e+11 2.98363e+10 0 0 0 0 -1.01359e+11 2.98363e+10 0 0 0 0 0 0 0 0 0 0 0 0 0 1.07192e+06 0 0 0 0 0
0.330774 0 -1.01676e+11 3.1391e+10 0 0 0 0 -1.01676e+11 3.1391e+10 0 0 0 0 0 0 0 0 0 0 0 0 0 1.07192e+06 0 0 0 0 0
0.341353 0 -1.01683e+11 3.25965e+10 0 0 0 0 -1.01683e+11 3.25965e+10 0 0 0 0 0 0 0 0 0 0 0 0 0 1.07192e+06 0 0 0 0 0
0.350689 0 -1.01893e+11 3.37503e+10 0 0 0 0 -1.01893e+11 3.37503e+10 0 0 0 0 0 0 0 0 0 0 0 0 0 1.07192e+06 0 0 0 0 0
0.36028 0 -1.02473e+11 3.52396e+10 0 0 0 0 -1.02473e+11 3.52396e+10 0 0 0 0 0 0 0 0 0 0 0 0 0 1.07192e+06 0 0 0 0 0
0.370134 0 -1.03193e+11 3.67651e+10 0 0 0 0 -1.03193e+11 3.67651e+10 0 0 0 0 0 0 0 0 0 0 0 0 0 1.07192e+06 0 0 0 0 0
0.380258 0 -1.03625e+11 3.79942e+10 0 0 0 0 -1.03625e+11 3.79942e+10 0 0 0 0 0 0 0 0 0 0 0 0 0 1.07192e+06 0 0 0 0 0
0.390658 0 -1.04111e+11 3.92086e+10 0 0 0 0 -1.04111e+11 3.92086e+10 0 0 0 0 0 0 0 0 0 0 0 0 0 1.07192e+06 0 0 0 0 0
0.401343 0 -1.04295e+11 4.00584e+10 0 0 0 0 -1.04295e+11 4.00584e+10 0 0 0 0 0 0 0 0 0 0 0 0 0 1.07192e+06 0 0 0 0 0
0.41047 0 -1.04354e+11 4.06607e+10 0 0 0 0 -1.04354e+11 4.06607e+10 0 0 0 0 0 0 0 0 0 0 0 0 0 1.07192e+06 0 0 0 0 0
0.421697 0 -1.04389e+11 4.12749e+10 0 0 0 0 -1.04389e+11 4.12749e+10 0 0 0 0 0 0 0 0 0 0 0 0 0 1.07192e+06 0 0 0 0 0
0.431286 0 -1.04416e+11 4.18043e+10 0 0 0 0 -1.04416e+11 4.18043e+10 0 0 0 0 0 0 0 0 0 0 0 0 0 1.07192e+06 0 0 0 0 0
0.441094 0 -1.05091e+11 4.29378e+10 0 0 0 0 -1.05091e+11 4.29378e+10 0 0 0 0 0 0 0 0 0 0 0 0 0 1.07192e+06 0 0 0 0 0
0.451125 0 -1.05658e+11 4.39213e+10 0 0 0 0 -1.05658e+11 4.39213e+10 0 0 0 0 0 0 0 0 0 0 0 0 0 1.07192e+06 0 0 0 0 0
0.460348 0 -1.0639e+11 4.49914e+10 0 0 0 0 -1.0639e+11 4.49914e+10 0 0 0 0 0 0 0 0 0 0 0 0 0 1.07192e+06 0 0 0 0 0
0.470816 0 -1.06918e+11 4.58701e+10 0 0 0 0 -1.06918e+11 4.58701e+10 0 0 0 0 0 0 0 0 0 0 0 0 0 1.07192e+06 0 0 0 0 0
0.480442 0 -1.07582e+11 4.68343e+10 0 0 0 0 -1.07582e+11 4.68343e+10 0 0 0 0 0 0 0 0 0 0 0 0 0 1.07192e+06 0 0 0 0 0
0.490264 0 -1.08556e+11 4.80647e+10 0 0 0 0 -1.08556e+11 4.80647e+10 0 0 0 0 0 0 0 0 0 0 0 0 0 1.07192e+06 0 0 0 0 0
0.500286 0 -1.095e+11 4.92506e+10 0 0 0 0 -1.095e+11 4.92506e+10 0 0 0 0 0 0 0 0 0 0 0 0 0 1.07192e+06 0 0 0 0 0
0.510514 0 -1.10412e+11 5.03509e+10 0 0 0 0 -1.10412e+11 5.03509e+10 0 0 0 0 0 0 0 0 0 0 0 0 0 1.07192e+06 0 0 0 0 0
0.520951 0 -1.11179e+11 5.1298e+10 0 0 0 0 -1.11179e+11 5.1298e+10 0 0 0 0 0 0 0 0 0 0 0 0 0 1.07192e+06 0 0 0 0 0
0.530407 0 -1.11595e+11 5.18501e+10 0 0 0 0 -1.11595e+11 5.18501e+10 0 0 0 0 0 0 0 0 0 0 0 0 0 1.07192e+06 0 0 0 0 0
0.540035 0 -1.12202e+11 5.25771e+10 0 0 0 0 -1.12202e+11 5.25771e+10 0 0 0 0 0 0 0 0 0 0 0 0 0 1.07192e+06 0 0 0 0 0
0.551075 0 -1.13021e+11 5.35136e+10 0 0 0 0 -1.13021e+11 5.35136e+10 0 0 0 0 0 0 0 0 0 0 0 0 0 1.07192e+06 0 0 0 0 0
0.561078 0 -1.1372e+11 5.43151e+10 0 0 0 0 -1.1372e+11 5.43151e+10 0 0 0 0 0 0 0 0 0 0 0 0 0 1.07192e+06 0 0 0 0 0
0.571263 0 -1.14716e+11 5.53653e+10 0 0 0 0 -1.14716e+11 5.53653e+10 0 0 0 0 0 0 0 0 0 0 0 0 0 1.07192e+06 0 0 0 0 0
0.580326 0 -1.1562e+11 5.63214e+10 0 0 0 0 -1.1562e+11 5.63214e+10 0 0 0 0 0 0 0 0 0 0 0 0 0 1.07192e+06 0 0 0 0 0
0.59086 0 -1.16551e+11 5.72759e+10 0 0 0 0 -1.16551e+11 5.72759e+10 0 0 0 0 0 0 0 0 0 0 0 0 0 1.07192e+06 0 0 0 0 0
0.600234 0 -1.17466e+11 5.82057e+10 0 0 0 0 -1.17466e+11 5.82057e+10 0 0 0 0 0 0 0 0 0 0 0 0 0 1.07192e+06 0 0 0 0 0
0.611129 0 -1.18151e+11 5.88804e+10 0 0 0 0 -1.18151e+11 5.88804e+10 0 0 0 0 0 0 0 0 0 0 0 0 0 1.07192e+06 0 0 0 0 0
0.620824 0 -1.18846e+11 5.95714e+10 0 0 0 0 -1.18846e+11 5.95714e+10 0 0 0 0 0 0 0 0 0 0 0 0 0 1.07192e+06 0 0 0 0 0
0.630674 0 -1.1948e+11 6.01814e+10 0 0 0 0 -1.1948e+11 6.01814e+10 0 0 0 0 0 0 0 0 0 0 0 0 0 1.07192e+06 0 0 0 0 0
0.640679 0 -1.19973e+11 6.06507e+10 0 0 0 0 -1.19973e+11 6.06507e+10 0 0 0 0 0 0 0 0 0 0 0 0 0 1.07192e+06 0 0 0 0 0
0.650843 0 -1.20132e+11 6.07734e+10 0 0 0 0 -1.20132e+11 6.07734e+10 0 0 0 0 0 0 0 0 0 0 0 0 0 1.07192e+06 0 0 0 0 0
0.661169 0 -1.20494e+11 6.11055e+10 0 0 0 0 -1.20494e+11 6.11055e+10 0 0 0 0 0 0 0 0 0 0 0 0 0 1.07192e+06 0 0 0 0 0
0.67015 0 -1.21039e+11 6.16166e+10 0 0 0 0 -1.21039e+11 6.16166e+10 0 0 0 0 0 0 0 0 0 0 0 0 0 1.07192e+06 0 0 0 0 0
0.680782 0 -1.21843e+11 6.23723e+10 0 0 0 0 -1.21843e+11 6.23723e+10 0 0 0 0 0 0 0 0 0 0 0 0 0 1.07192e+06 0 0 0 0 0
0.690029 0 -1.22693e+11 6.31587e+10 0 0 0 0 -1.22693e+11 6.31587e+10 0 0 0 0 0 0 0 0 0 0 0 0 0 1.07192e+06 0 0 0 0 0
0.700976 0 -1.23938e+11 6.43361e+10 0 0 0 0 -1.23938e+11 6.43361e+10 0 0 0 0 0 0 0 0 0 0 0 0 0 1.07192e+06 0 0 0 0 0
0.710497 0 -1.25148e+11 6.54567e+10 0 0 0 0 -1.25148e+11 6.54567e+10 0 0 0 0 0 0 0 0 0 0 0 0 0 1.07192e+06 0 0 0 0 0
0.720148 0 -1.26092e+11 6.63078e+10 0 0 0 0 -1.26092e+11 6.63078e+10 0 0 0 0 0 0 0 0 0 0 0 0 0 1.07192e+06 0 0 0 0 0
0.731573 0 -1.26989e+11 6.7085e+10 0 0 0 0 -1.26989e+11 6.7085e+10 0 0 0 0 0 0 0 0 0 0 0 0 0 1.07192e+06 0 0 0 0 0
0.74151 0 -1.27557e+11 6.75412e+10 0 0 0 0 -1.27557e+11 6.75412e+10 0 0 0 0 0 0 0 0 0 0 0 0 0 1.07192e+06 0 0 0 0 0
0.751582 0 -1.28165e+11 6.80349e+10 0 0 0 0 -1.28165e+11 6.80349e+10 0 0 0 0 0 0 0 0 0 0 0 0 0 1.07192e+06 0 0 0 0 0
0.76008 0 -1.2858e+11 6.83614e+10 0 0 0 0 -1.2858e+11 6.83614e+10 0 0 0 0 0 0 0 0 0 0 0 0 0 1.07192e+06 0 0 0 0 0
0.770404 0 -1.28758e+11 6.84081e+10 0 0 0 0 -1.28758e+11 6.84081e+10 0 0 0 0 0 0 0 0 0 0 0 0 0 1.07192e+06 0 0 0 0 0
0.780869 0 -1.28904e+11 6.84391e+10 0 0 0 0 -1.28904e+11 6.84391e+10 0 0 0 0 0 0 0 0 0 0 0 0 0 1.07192e+06 0 0 0 0 0
0.791476 0 -1.29313e+11 6.87291e+10 0 0 0 0 -1.29313e+11 6.87291e+10 0 0 0 0 0 0 0 0 0 0 0 0 0 1.07192e+06 0 0 0 0 0
0.800424 0 -1.29525e+11 6.88476e+10 0 0 0 0 -1.29525e+11 6.88476e+10 0 0 0 0 0 0 0 0 0 0 0 0 0 1.07192e+06 0 0 0 0 0
0.811297 0 -1.29874e+11 6.9077e+10 0 0 0 0 -1.29874e+11 6.9077e+10 0 0 0 0 0 0 0 0 0 0 0 0 0 1.07192e+06 0 0 0 0 0
0.82047 0 -1.30719e+11 6.97998e+10 0 0 0 0 -1.30719e+11 6.97998e+10 0 0 0 0 0 0 0 0 0 0 0 0 0 1.07192e+06 0 0 0 0 0
0.831614 0 -1.31852e+11 7.08084e+10 0 0 0 0 -1.31852e+11 7.08084e+10 0 0 0 0 0 0 0 0 0 0 0 0 0 1.07192e+06 0 0 0 0 0
0.841017 0 -1.32438e+11 7.12628e+10 0 0 0 0 -1.32438e+11 7.12628e+10 0 0 0 0 0 0 0 0 0 0 0 0 0 1.07192e+06 0 0 0 0 0
0.850526 0 -1.32662e+11 7.13784e+10 0 0 0 0 -1.32662e+11 7.13784e+10 0 0 0 0 0 0 0 0 0 0 0 0 0 1.07192e+06 0 0 0 0 0
0.860142 0 -1.33304e+11 7.18949e+10 0 0 0 0 -1.33304e+11 7.18949e+10 0 0 0 0 0 0 0 0 0 0 0 0 0 1.07192e+06 0 0 0 0 0
0.871826 0 -1.34011e+11 7.24537e+10 0 0 0 0 -1.34011e+11 7.24537e+10 0 0 0 0 0 0 0 0 0 0 0 0 0 1.07192e+06 0 0 0 0 0
0.881683 0 -1.35035e+11 7.3343e+10 0 0 0 0 -1.35035e+11 7.3343e+10 0 0 0 0 0 0 0 0 0 0 0 0 0 1.07192e+06 0 0 0 0 0
0.891652 0 -1.36418e+11 7.45671e+10 0 0 0 0 -1.36418e+11 7.45671e+10 0 0 0 0 0 0 0 0 0 0 0 0 0 1.07192e+06 0 0 0 0 0
0.901733 0 -1.37033e+11 7.50309e+10 0 0 0 0 -1.37033e+11 7.50309e+10 0 0 0 0 0 0 0 0 0 0 0 0 0 1.07192e+06 0 0 0 0 0
0.911929 0 -1.37646e+11 7.54791e+10 0 0 0 0 -1.37646e+11 7.54791e+10 0 0 0 0 0 0 0 0 0 0 0 0 0 1.07192e+06 0 0 0 0 0
0.920168 0 -1.37289e+11 7.50115e+10 0 0 0 0 -1.37289e+11 7.50115e+10 0 0 0 0 0 0 0 0 0 0 0 0 0 1.07192e+06 0 0 0 0 0
0.930572 0 -1.37152e+11 7.47147e+10 0 0 0 0 -1.37152e+11 7.47147e+10 0 0 0 0 0 0 0 0 0 0 0 0 0 1.07192e+06 0 0 0 0 0
0.941094 0 -1.37101e+11 7.45271e+10 0 0 0 0 -1.37101e+11 7.45271e+10 0 0 0 0 0 0 0 0 0 0 0 0 0 1.07192e+06 0 0 0 0 0
0.951734 0 -1.3726e+11 7.454e+10 0 0 0 0 -1.3726e+11 7.454e+10 0 0 0 0 0 0 0 0 0 0 0 0 0 1.07192e+06 0 0 0 0 0
0.960333 0 -1.37567e+11 7.47282e+10 0 0 0 0 -1.37567e+11 7.47282e+10 0 0 0 0 0 0 0 0 0 0 0 0 0 1.07192e+06 0 0 0 0 0
0.971191 0 -1.37903e+11 7.49181e+10 0 0 0 0 -1.37903e+11 7.49181e+10 0 0 0 0 0 0 0 0 0 0 0 0 0 1.07192e+06 0 0 0 0 0
0.982172 0 -1.37995e+11 7.48724e+10 0 0 0 0 -1.37995e+11 7.48724e+10 0 0 0 0 0 0 0 0 0 0 0 0 0 1.07192e+06 0 0 0 0 0
0.991046 0 -1.38277e+11 7.50411e+10 0 0 0 0 -1.38277e+11 7.50411e+10 0 0 0 0 0 0 0 0 0 0 0 0 0 1.07192e+06 0 0 0 0 0
