0.01 0 -1.85859e+12 1.07064e+09 0 0 0 0 -1.85859e+12 1.07064e+09 0 0 0 0 0 0 0 0 0 0 0 0 0 1.07192e+06 0 0 0 0 0
0.0200786 0 -9.28137e+11 2.08734e+09 0 0 0 0 -9.28137e+11 2.08734e+09 0 0 0 0 0 0 0 0 0 0 0 0 0 1.07192e+06 0 0 0 0 0
0.0300965 0 -6.21717e+11 3.0979e+09 0 0 0 0 -6.21717e+11 3.0979e+09 0 0 0 0 0 0 0 0 0 0 0 0 0 1.07192e+06 0 0 0 0 0
0.0401343 0 -4.68906e+11 4.10727e+09 0 0 0 0 -4.68906e+11 4.10727e+09 0 0 0 0 0 0 0 0 0 0 0 0 0 1.07192e+06 0 0 0 0 0
0.0500286 0 -3.78826e+11 5.10033e+09 0 0 0 0 -3.78826e+11 5.10033e+09 0 0 0 0 0 0 0 0 0 0 0 0 0 1.07192e+06 0 0 0 0 0
0.0601585 0 -3.17952e+11 6.11643e+09 0 0 0 0 -3.17952e+11 6.11643e+09 0 0 0 0 0 0 0 0 0 0 0 0 0 1.07192e+06 0 0 0 0 0
0.0700976 0 -2.75693e+11 7.11404e+09 0 0 0 0 -2.75693e+11 7.11404e+09 0 0 0 0 0 0 0 0 0 0 0 0 0 1.07192e+06 0 0 0 0 0
0.0802226 0 -2.43745e+11 8.13216e+09 0 0 0 0 -2.43745e+11 8.13216e+09 0 0 0 0 0 0 0 0 0 0 0 0 0 1.07192e+06 0 0 0 0 0
0.0901733 0 -2.19782e+11 9.13566e+09 0 0 0 0 -2.19782e+11 9.13566e+09 0 0 0 0 0 0 0 0 0 0 0 0 0 1.07192e+06 0 0 0 0 0
0.100451 0 -2.00218e+11 1.01762e+10 0 0 0 0 -2.00218e+11 1.01762e+10 0 0 0 0 0 0 0 0 0 0 0 0 0 1.07192e+06 0 0 0 0 0
0.1104 0 -1.85007e+11 1.11888e+10 0 0 0 0 -1.85007e+11 1.11888e+10 0 0 0 0 0 0 0 0 0 0 0 0 0 1.07192e+06 0 0 0 0 0
0.120248 0 -1.7274e+11 1.21972e+10 0 0 0 0 -1.7274e+11 1.21972e+10 0 0 0 0 0 0 0 0 0 0 0 0 0 1.07192e+06 0 0 0 0 0
0.130387 0 -1.6233e+11 1.32434e+10 0 0 0 0 -1.6233e+11 1.32434e+10 0 0 0 0 0 0 0 0 0 0 0 0 0 1.07192e+06 0 0 0 0 0
0.140115 0 -1.53944e+11 1.42562e+10 0 0 0 0 -1.53944e+11 1.42562e+10 0 0 0 0 0 0 0 0 0 0 0 0 0 1.07192e+06 0 0 0 0 0
0.150569 0 -1.46377e+11 1.53568e+10 0 0 0 0 -1.46377e+11 1.53568e+10 0 0 0 0 0 0 0 0 0 0 0 0 0 1.07192e+06 0 0 0 0 0
0.160353 0 -1.40367e+11 1.64016e+10 0 0 0 0 -1.40367e+11 1.64016e+10 0 0 0 0 0 0 0 0 0 0 0 0 0 1.07192e+06 0 0 0 0 0
0.170008 0 -1.35349e+11 1.74516e+10 0 0 0 0 -1.35349e+11 1.74516e+10 0 0 0 0 0 0 0 0 0 0 0 0 0 1.07192e+06 0 0 0 0 0
0.180243 0 -1.30818e+11 1.8612e+10 0 0 0 0 -1.30818e+11 1.8612e+10 0 0 0 0 0 0 0 0 0 0 0 0 0 1.07192e+06 0 0 0 0 0
0.190238 0 -1.27148e+11 1.97872e+10 0 0 0 0 -1.27148e+11 1.97872e+10 0 0 0 0 0 0 0 0 0 0 0 0 0 1.07192e+06 0 0 0 0 0
0.200786 0 -1.2377e+11 2.10144e+10 0 0 0 0 -1.2377e+11 2.10144e+10 0 0 0 0 0 0 0 0 0 0 0 0 0 1.07192e+06 0 0 0 0 0
0.210022 0 -1.21409e+11 2.21863e+10 0 0 0 0 -1.21409e+11 2.21863e+10 0 0 0 0 0 0 0 0 0 0 0 0 0 1.07192e+06 0 0 0 0 0
0.220673 0 -1.19012e+11 2.34992e+10 0 0 0 0 -1.19012e+11 2.34992e+10 0 0 0 0 0 0 0 0 0 0 0 0 0 1.07192e+06 0 0 0 0 0
0.230824 0 -1.17216e+11 2.48364e+10 0 0 0 0 -1.17216e+11 2.48364e+10 0 0 0 0 0 0 0 0 0 0 0 0 0 1.07192e+06 0 0 0 0 0
0.240358 0 -1.15832e+11 2.61057e+10 0 0 0 0 -1.15832e+11 2.61057e+10 0 0 0 0 0 0 0 0 0 0 0 0 0 1.07192e+06 0 0 0 0 0
0.250287 0 -1.1476e+11 2.75129e+10 0 0 0 0 -1.1476e+11 2.75129e+10 0 0 0 0 0 0 0 0 0 0 0 0 0 1.07192e+06 0 0 0 0 0
0.260625 0 -1.13873e+11 2.89869e+10 0 0 0 0 -1.13873e+11 2.89869e+10 0 0 0 0 0 0 0 0 0 0 0 0 0 1.07192e+06 0 0 0 0 0
0.270172 0 -1.13465e+11 3.05057e+10 0 0 0 0 -1.13465e+11 3.05057e+10 0 0 0 0 0 0 0 0 0 0 0 0 0 1.07192e+06 0 0 0 0 0
0.280069 0 -1.13128e+11 3.19919e+10 0 0 0 0 -1.13128e+11 3.19919e+10 0 0 0 0 0 0 0 0 0 0 0 0 0 1.07192e+06 0 0 0 0 0
0.290329 0 -1.12778e+11 3.33907e+10 0 0 0 0 -1.12778e+11 3.33907e+10 0 0 0 0 0 0 0 0 0 0 0 0 0 1.07192e+06 0 0 0 0 0
0.300965 0 -1.12701e+11 3.49155e+10 0 0 0 0 -1.12701e+11 3.49155e+10 0 0 0 0 0 0 0 0 0 0 0 0 0 1.07192e+06 0 0 0 0 0
0.31059 0 -1.12895e+11 3.64005e+10 0 0 0 0 -1.12895e+11 3.64005e+10 0 0 0 0 0 0 0 0 0 0 0 0 0 1.07192e+06 0 0 0 0 0
0.320523 0 -1.13178e+11 3.78907e+10 0 0 0 0 -1.13178e+11 3.78907e+10 0 0 0 0 0 0 0 0 0 0 0 0 0 1.07192e+06 0 0 0 0 0
0.330774 0 -1.137e+11 3.95562e+10 0 0 0 0 -1.137e+11 3.95562e+10 0 0 0 0 0 0 0 0 0 0 0 0 0 1.07192e+06 0 0 0 0 0
0.341353 0 -1.14231e+11 4.11245e+10 0 0 0 0 -1.14231e+11 4.11245e+10 0 0 0 0 0 0 0 0 0 0 0 0 0 1.07192e+06 0 0 0 0 0
0.350689 0 -1.1456e+11 4.2307e+10 0 0 0 0 -1.1456e+11 4.2307e+10 0 0 0 0 0 0 0 0 0 0 0 0 0 1.07192e+06 0 0 0 0 0
0.36028 0 -1.15092e+11 4.3613e+10 0 0 0 0 -1.15092e+11 4.3613e+10 0 0 0 0 0 0 0 0 0 0 0 0 0 1.07192e+06 0 0 0 0 0
0.370134 0 -1.15734e+11 4.49932e+10 0 0 0 0 -1.15734e+11 4.49932e+10 0 0 0 0 0 0 0 0 0 0 0 0 0 1.07192e+06 0 0 0 0 0
0.380258 0 -1.16538e+11 4.64601e+10 0 0 0 0 -1.16538e+11 4.64601e+10 0 0 0 0 0 0 0 0 0 0 0 0 0 1.07192e+06 0 0 0 0 0
0.390658 0 -1.1753e+11 4.80579e+10 0 0 0 0 -1.1753e+11 4.80579e+10 0 0 0 0 0 0 0 0 0 0 0 0 0 1.07192e+06 0 0 0 0 0
0.401343 0 -1.18447e+11 4.95242e+10 0 0 0 0 -1.18447e+11 4.95242e+10 0 0 0 0 0 0 0 0 0 0 0 0 0 1.07192e+06 0 0 0 0 0
0.41047 0 -1.19396e+11 5.08998e+10 0 0 0 0 -1.19396e+11 5.08998e+10 0 0 0 0 0 0 0 0 0 0 0 0 0 1.07192e+06 0 0 0 0 0
0.421697 0 -1.20606e+11 5.25433e+10 0 0 0 0 -1.20606e+11 5.25433e+10 0 0 0 0 0 0 0 0 0 0 0 0 0 1.07192e+06 0 0 0 0 0
0.431286 0 -1.21674e+11 5.39556e+10 0 0 0 0 -1.21674e+11 5.39556e+10 0 0 0 0 0 0 0 0 0 0 0 0 0 1.07192e+06 0 0 0 0 0
0.441094 0 -1.22739e+11 5.53104e+10 0 0 0 0 -1.22739e+11 5.53104e+10 0 0 0 0 0 0 0 0 0 0 0 0 0 1.07192e+06 0 0 0 0 0
0.451125 0 -1.23878e+11 5.66962e+10 0 0 0 0 -1.23878e+11 5.66962e+10 0 0 0 0 0 0 0 0 0 0 0 0 0 1.07192e+06 0 0 0 0 0
0.461384 0 -1.25045e+11 5.80736e+10 0 0 0 0 -1.25045e+11 5.80736e+10 0 0 0 0 0 0 0 0 0 0 0 0 0 1.07192e+06 0 0 0 0 0
0.471876 0 -1.26558e+11 5.97804e+10 0 0 0 0 -1.26558e+11 5.97804e+10 0 0 0 0 0 0 0 0 0 0 0 0 0 1.07192e+06 0 0 0 0 0
0.480442 0 -1.27931e+11 6.1258e+10 0 0 0 0 -1.27931e+11 6.1258e+10 0 0 0 0 0 0 0 0 0 0 0 0 0 1.07192e+06 0 0 0 0 0
0.491367 0 -1.2937e+11 6.28004e+10 0 0 0 0 -1.2937e+11 6.28004e+10 0 0 0 0 0 0 0 0 0 0 0 0 0 1.07192e+06 0 0 0 0 0
0.500286 0 -1.3055e+11 6.40295e+10 0 0 0 0 -1.3055e+11 6.40295e+10 0 0 0 0 0 0 0 0 0 0 0 0 0 1.07192e+06 0 0 0 0 0
0.510514 0 -1.32016e+11 6.55362e+10 0 0 0 0 -1.32016e+11 6.55362e+10 0 0 0 0 0 0 0 0 0 0 0 0 0 1.07192e+06 0 0 0 0 0
0.520951 0 -1.33661e+11 6.71588e+10 0 0 0 0 -1.33661e+11 6.71588e+10 0 0 0 0 0 0 0 0 0 0 0 0 0 1.07192e+06 0 0 0 0 0
0.530407 0 -1.34931e+11 6.84003e+10 0 0 0 0 -1.34931e+11 6.84003e+10 0 0 0 0 0 0 0 0 0 0 0 0 0 1.07192e+06 0 0 0 0 0
0.540035 0 -1.36435e+11 6.98366e+10 0 0 0 0 -1.36435e+11 6.98366e+10 0 0 0 0 0 0 0 0 0 0 0 0 0 1.07192e+06 0 0 0 0 0
0.551075 0 -1.37963e+11 7.12664e+10 0 0 0 0 -1.37963e+11 7.12664e+10 0 0 0 0 0 0 0 0 0 0 0 0 0 1.07192e+06 0 0 0 0 0
0.561078 0 -1.39086e+11 7.2279e+10 0 0 0 0 -1.39086e+11 7.2279e+10 0 0 0 0 0 0 0 0 0 0 0 0 0 1.07192e+06 0 0 0 0 0
0.571263 0 -1.40015e+11 7.30907e+10 0 0 0 0 -1.40015e+11 7.30907e+10 0 0 0 0 0 0 0 0 0 0 0 0 0 1.07192e+06 0 0 0 0 0
0.580326 0 -1.40624e+11 7.36002e+10 0 0 0 0 -1.40624e+11 7.36002e+10 0 0 0 0 0 0 0 0 0 0 0 0 0 1.07192e+06 0 0 0 0 0
0.59086 0 -1.41618e+11 7.44477e+10 0 0 0 0 -1.41618e+11 7.44477e+10 0 0 0 0 0 0 0 0 0 0 0 0 0 1.07192e+06 0 0 0 0 0
0.600234 0 -1.42541e+11 7.52356e+10 0 0 0 0 -1.42541e+11 7.52356e+10 0 0 0 0 0 0 0 0 0 0 0 0 0 1.07192e+06 0 0 0 0 0
0.611129 0 -1.43756e+11 7.62907e+10 0 0 0 0 -1.43756e+11 7.62907e+10 0 0 0 0 0 0 0 0 0 0 0 0 0 1.07192e+06 0 0 0 0 0
0.620824 0 -1.4482e+11 7.71934e+10 0 0 0 0 -1.4482e+11 7.71934e+10 0 0 0 0 0 0 0 0 0 0 0 0 0 1.07192e+06 0 0 0 0 0
0.630674 0 -1.45775e+11 7.79879e+10 0 0 0 0 -1.45775e+11 7.79879e+10 0 0 0 0 0 0 0 0 0 0 0 0 0 1.07192e+06 0 0 0 0 0
0.640679 0 -1.46559e+11 7.85833e+10 0 0 0 0 -1.46559e+11 7.85833e+10 0 0 0 0 0 0 0 0 0 0 0 0 0 1.07192e+06 0 0 0 0 0
0.650843 0 -1.47329e+11 7.91786e+10 0 0 0 0 -1.47329e+11 7.91786e+10 0 0 0 0 0 0 0 0 0 0 0 0 0 1.07192e+06 0 0 0 0 0
0.661169 0 -1.48398e+11 8.00624e+10 0 0 0 0 -1.48398e+11 8.00624e+10 0 0 0 0 0 0 0 0 0 0 0 0 0 1.07192e+06 0 0 0 0 0
0.67015 0 -1.4941e+11 8.08958e+10 0 0 0 0 -1.4941e+11 8.08958e+10 0 0 0 0 0 0 0 0 0 0 0 0 0 1.07192e+06 0 0 0 0 0
0.680782 0 -1.50445e+11 8.17234e+10 0 0 0 0 -1.50445e+11 8.17234e+10 0 0 0 0 0 0 0 0 0 0 0 0 0 1.07192e+06 0 0 0 0 0
0.690029 0 -1.51556e+11 8.26301e+10 0 0 0 0 -1.51556e+11 8.26301e+10 0 0 0 0 0 0 0 0 0 0 0 0 0 1.07192e+06 0 0 0 0 0
0.700976 0 -1.53052e+11 8.38854e+10 0 0 0 0 -1.53052e+11 8.38854e+10 0 0 0 0 0 0 0 0 0 0 0 0 0 1.07192e+06 0 0 0 0 0
0.710497 0 -1.54565e+11 8.51862e+10 0 0 0 0 -1.54565e+11 8.51862e+10 0 0 0 0 0 0 0 0 0 0 0 0 0 1.07192e+06 0 0 0 0 0
0.720148 0 -1.55803e+11 8.61904e+10 0 0 0 0 -1.55803e+11 8.61904e+10 0 0 0 0 0 0 0 0 0 0 0 0 0 1.07192e+06 0 0 0 0 0
0.731573 0 -1.56941e+11 8.70636e+10 0 0 0 0 -1.56941e+11 8.70636e+10 0 0 0 0 0 0 0 0 0 0 0 0 0 1.07192e+06 0 0 0 0 0
0.74151 0 -1.57794e+11 8.76697e+10 0 0 0 0 -1.57794e+11 8.76697e+10 0 0 0 0 0 0 0 0 0 0 0 0 0 1.07192e+06 0 0 0 0 0
0.751582 0 -1.58299e+11 8.79266e+10 0 0 0 0 -1.58299e+11 8.79266e+10 0 0 0 0 0 0 0 0 0 0 0 0 0 1.07192e+06 0 0 0 0 0
0.76008 0 -1.58691e+11 8.81111e+10 0 0 0 0 -1.58691e+11 8.81111e+10 0 0 0 0 0 0 0 0 0 0 0 0 0 1.07192e+06 0 0 0 0 0
0.770404 0 -1.59187e+11 8.83476e+10 0 0 0 0 -1.59187e+11 8.83476e+10 0 0 0 0 0 0 0 0 0 0 0 0 0 1.07192e+06 0 0 0 0 0
0.780869 0 -1.59396e+11 8.83204e+10 0 0 0 0 -1.59396e+11 8.83204e+10 0 0 0 0 0 0 0 0 0 0 0 0 0 1.07192e+06 0 0 0 0 0
0.791476 0 -1.60369e+11 8.90367e+10 0 0 0 0 -1.60369e+11 8.90367e+10 0 0 0 0 0 0 0 0 0 0 0 0 0 1.07192e+06 0 0 0 0 0
0.800424 0 -1.61438e+11 8.99111e+10 0 0 0 0 -1.61438e+11 8.99111e+10 0 0 0 0 0 0 0 0 0 0 0 0 0 1.07192e+06 0 0 0 0 0
0.811297 0 -1.62295e+11 9.04976e+10 0 0 0 0 -1.62295e+11 9.04976e+10 0 0 0 0 0 0 0 0 0 0 0 0 0 1.07192e+06 0 0 0 0 0
0.82047 0 -1.62483e+11 9.04537e+10 0 0 0 0 -1.62483e+11 9.04537e+10 0 0 0 0 0 0 0 0 0 0 0 0 0 1.07192e+06 0 0 0 0 0
0.831614 0 -1.6284e+11 9.05649e+10 0 0 0 0 -1.6284e+11 9.05649e+10 0 0 0 0 0 0 0 0 0 0 0 0 0 1.07192e+06 0 0 0 0 0
0.841017 0 -1.62891e+11 9.03994e+10 0 0 0 0 -1.62891e+11 9.03994e+10 0 0 0 0 0 0 0 0 0 0 0 0 0 1.07192e+06 0 0 0 0 0
0.850526 0 -1.62962e+11 9.026e+10 0 0 0 0 -1.62962e+11 9.026e+10 0 0 0 0 0 0 0 0 0 0 0 0 0 1.07192e+06 0 0 0 0 0
0.860142 0 -1.63005e+11 9.01035e+10 0 0 0 0 -1.63005e+11 9.01035e+10 0 0 0 0 0 0 0 0 0 0 0 0 0 1.07192e+06 0 0 0 0 0
0.871826 0 -1.6323e+11 9.00741e+10 0 0 0 0 -1.6323e+11 9.00741e+10 0 0 0 0 0 0 0 0 0 0 0 0 0 1.07192e+06 0 0 0 0 0
0.881683 0 -1.63574e+11 9.02307e+10 0 0 0 0 -1.63574e+11 9.02307e+10 0 0 0 0 0 0 0 0 0 0 0 0 0 1.07192e+06 0 0 0 0 0
0.891652 0 -1.63827e+11 9.02807e+10 0 0 0 0 -1.63827e+11 9.02807e+10 0 0 0 0 0 0 0 0 0 0 0 0 0 1.07192e+06 0 0 0 0 0
0.901733 0 -1.63925e+11 9.01783e+10 0 0 0 0 -1.63925e+11 9.01783e+10 0 0 0 0 0 0 0 0 0 0 0 0 0 1.07192e+06 0 0 0 0 0
0.911929 0 -1.64265e+11 9.03206e+10 0 0 0 0 -1.64265e+11 9.03206e+10 0 0 0 0 0 0 0 0 0 0 0 0 0 1.07192e+06 0 0 0 0 0
0.920168 0 -1.64327e+11 9.02191e+10 0 0 0 0 -1.64327e+11 9.02191e+10 0 0 0 0 0 0 0 0 0 0 0 0 0 1.07192e+06 0 0 0 0 0
0.930572 0 -1.64158e+11 8.98727e+10 0 0 0 0 -1.64158e+11 8.98727e+10 0 0 0 0 0 0 0 0 0 0 0 0 0 1.07192e+06 0 0 0 0 0
0.941094 0 -1.64115e+11 8.96416e+10 0 0 0 0 -1.64115e+11 8.96416e+10 0 0 0 0 0 0 0 0 0 0 0 0 0 1.07192e+06 0 0 0 0 0
0.951734 0 -1.6439e+11 8.97368e+10 0 0 0 0 -1.6439e+11 8.97368e+10 0 0 0 0 0 0 0 0 0 0 0 0 0 1.07192e+06 0 0 0 0 0
0.960333 0 -1.64627e+11 8.98332e+10 0 0 0 0 -1.64627e+11 8.98332e+10 0 0 0 0 0 0 0 0 0 0 0 0 0 1.07192e+06 0 0 0 0 0
0.971191 0 -1.65142e+11 9.01647e+10 0 0 0 0 -1.65142e+11 9.01647e+10 0 0 0 0 0 0 0 0 0 0 0 0 0 1.07192e+06 0 0 0 0 0
0.982172 0 -1.65045e+11 8.99011e+10 0 0 0 0 -1.65045e+11 8.99011e+10 0 0 0 0 0 0 0 0 0 0 0 0 0 1.07192e+06 0 0 0 0 0
0.991046 0 -1.6476e+11 8.94823e+10 0 0 0 0 -1.6476e+11 8.94823e+10 0 0 0 0 0 0 0 0 0 0 0 0 0 1.07192e+06 0 0 0 0 0
