0.01 0 -1.8589e+12 7.13558e+08 0 0 0 0 -1.8589e+12 7.13558e+08 0 0 0 0 0 0 0 0 0 0 0 0 0 1.07192e+06 0 0 0 0 0
0.0200786 0 -9.27051e+11 1.37202e+09 0 0 0 0 -9.27051e+11 1.37202e+09 0 0 0 0 0 0 0 0 0 0 0 0 0 1.07192e+06 0 0 0 0 0
0.0300965 0 -6.20027e+11 2.02773e+09 0 0 0 0 -6.20027e+11 2.02773e+09 0 0 0 0 0 0 0 0 0 0 0 0 0 1.07192e+06 0 0 0 0 0
0.0401343 0 -4.66962e+11 2.68264e+09 0 0 0 0 -4.66962e+11 2.68264e+09 0 0 0 0 0 0 0 0 0 0 0 0 0 1.07192e+06 0 0 0 0 0
0.0500286 0 -3.7631e+11 3.32718e+09 0 0 0 0 -3.7631e+11 3.32718e+09 0 0 0 0 0 0 0 0 0 0 0 0 0 1.07192e+06 0 0 0 0 0
0.0601585 0 -3.14762e+11 3.98721e+09 0 0 0 0 -3.14762e+11 3.98721e+09 0 0 0 0 0 0 0 0 0 0 0 0 0 1.07192e+06 0 0 0 0 0
0.0700976 0 -2.71928e+11 4.63602e+09 0 0 0 0 -2.71928e+11 4.63602e+09 0 0 0 0 0 0 0 0 0 0 0 0 0 1.07192e+06 0 0 0 0 0
0.0802226 0 -2.39525e+11 5.29925e+09 0 0 0 0 -2.39525e+11 5.29925e+09 0 0 0 0 0 0 0 0 0 0 0 0 0 1.07192e+06 0 0 0 0 0
0.0901733 0 -2.14964e+11 5.95426e+09 0 0 0 0 -2.14964e+11 5.95426e+09 0 0 0 0 0 0 0 0 0 0 0 0 0 1.07192e+06 0 0 0 0 0
0.100451 0 -1.94909e+11 6.63514e+09 0 0 0 0 -1.94909e+11 6.63514e+09 0 0 0 0 0 0 0 0 0 0 0 0 0 1.07192e+06 0 0 0 0 0
0.1104 0 -1.79209e+11 7.29968e+09 0 0 0 0 -1.79209e+11 7.29968e+09 0 0 0 0 0 0 0 0 0 0 0 0 0 1.07192e+06 0 0 0 0 0
0.120248 0 -1.66396e+11 7.9639e+09 0 0 0 0 -1.66396e+11 7.9639e+09 0 0 0 0 0 0 0 0 0 0 0 0 0 1.07192e+06 0 0 0 0 0
0.130387 0 -1.55451e+11 8.6564e+09 0 0 0 0 -1.55451e+11 8.6564e+09 0 0 0 0 0 0 0 0 0 0 0 0 0 1.07192e+06 0 0 0 0 0
0.140115 0 -1.46578e+11 9.33287e+09 0 0 0 0 -1.46578e+11 9.33287e+09 0 0 0 0 0 0 0 0 0 0 0 0 0 1.07192e+06 0 0 0 0 0
0.150569 0 -1.38476e+11 1.01092e+10 0 0 0 0 -1.38476e+11 1.01092e+10 0 0 0 0 0 0 0 0 0 0 0 0 0 1.07192e+06 0 0 0 0 0
0.160353 0 -1.31941e+11 1.07727e+10 0 0 0 0 -1.31941e+11 1.07727e+10 0 0 0 0 0 0 0 0 0 0 0 0 0 1.07192e+06 0 0 0 0 0
0.170008 0 -1.26412e+11 1.14961e+10 0 0 0 0 -1.26412e+11 1.14961e+10 0 0 0 0 0 0 0 0 0 0 0 0 0 1.07192e+06 0 0 0 0 0
0.180243 0 -1.21302e+11 1.22689e+10 0 0 0 0 -1.21302e+11 1.22689e+10 0 0 0 0 0 0 0 0 0 0 0 0 0 1.07192e+06 0 0 0 0 0
0.190238 0 -1.17079e+11 1.30797e+10 0 0 0 0 -1.17079e+11 1.30797e+10 0 0 0 0 0 0 0 0 0 0 0 0 0 1.07192e+06 0 0 0 0 0
0.200786 0 -1.13128e+11 1.39133e+10 0 0 0 0 -1.13128e+11 1.39133e+10 0 0 0 0 0 0 0 0 0 0 0 0 0 1.07192e+06 0 0 0 0 0
0.210022 0 -1.10205e+11 1.47077e+10 0 0 0 0 -1.10205e+11 1.47077e+10 0 0 0 0 0 0 0 0 0 0 0 0 0 1.07192e+06 0 0 0 0 0
0.220673 0 -1.07235e+11 1.56106e+10 0 0 0 0 -1.07235e+11 1.56106e+10 0 0 0 0 0 0 0 0 0 0 0 0 0 1.07192e+06 0 0 0 0 0
0.230824 0 -1.04891e+11 1.65701e+10 0 0 0 0 -1.04891e+11 1.65701e+10 0 0 0 0 0 0 0 0 0 0 0 0 0 1.07192e+06 0 0 0 0 0
0.240358 0 -1.03034e+11 1.75626e+10 0 0 0 0 -1.03034e+11 1.75626e+10 0 0 0 0 0 0 0 0 0 0 0 0 0 1.07192e+06 0 0 0 0 0
0.250287 0 -1.01331e+11 1.85225e+10 0 0 0 0 -1.01331e+11 1.85225e+10 0 0 0 0 0 0 0 0 0 0 0 0 0 1.07192e+06 0 0 0 0 0
0.260625 0 -9.99393e+10 1.96571e+10 0 0 0 0 -9.99393e+10 1.96571e+10 0 0 0 0 0 0 0 0 0 0 0 0 0 1.07192e+06 0 0 0 0 0
0.270172 0 -9.85943e+10 2.04526e+10 0 0 0 0 -9.85943e+10 2.04526e+10 0 0 0 0 0 0 0 0 0 0 0 0 0 1.07192e+06 0 0 0 0 0
0.280069 0 -9.76724e+10 2.15494e+10 0 0 0 0 -9.76724e+10 2.15494e+10 0 0 0 0 0 0 0 0 0 0 0 0 0 1.07192e+06 0 0 0 0 0
0.290329 0 -9.677e+10 2.25565e+10 0 0 0 0 -9.677e+10 2.25565e+10 0 0 0 0 0 0 0 0 0 0 0 0 0 1.07192e+06 0 0 0 0 0
0.300965 0 -9.62273e+10 2.38148e+10 0 0 0 0 -9.62273e+10 2.38148e+10 0 0 0 0 0 0 0 0 0 0 0 0 0 1.07192e+06 0 0 0 0 0
0.31059 0 -9.58281e+10 2.49132e+10 0 0 0 0 -9.58281e+10 2.49132e+10 0 0 0 0 0 0 0 0 0 0 0 0 0 1.07192e+06 0 0 0 0 0
0.320523 0 -9.54405e+10 2.59384e+10 0 0 0 0 -9.54405e+10 2.59384e+10 0 0 0 0 0 0 0 0 0 0 0 0 0 1.07192e+06 0 0 0 0 0
0.330774 0 -9.51807e+10 2.70074e+10 0 0 0 0 -9.51807e+10 2.70074e+10 0 0 0 0 0 0 0 0 0 0 0 0 0 1.07192e+06 0 0 0 0 0
0.341353 0 -9.52651e+10 2.83576e+10 0 0 0 0 -9.52651e+10 2.83576e+10 0 0 0 0 0 0 0 0 0 0 0 0 0 1.07192e+06 0 0 0 0 0
0.350689 0 -9.53507e+10 2.94579e+10 0 0 0 0 -9.53507e+10 2.94579e+10 0 0 0 0 0 0 0 0 0 0 0 0 0 1.07192e+06 0 0 0 0 0
0.36028 0 -9.5629e+10 3.06782e+10 0 0 0 0 -9.5629e+10 3.06782e+10 0 0 0 0 0 0 0 0 0 0 0 0 0 1.07192e+06 0 0 0 0 0
0.370134 0 -9.60527e+10 3.19959e+10 0 0 0 0 -9.60527e+10 3.19959e+10 0 0 0 0 0 0 0 0 0 0 0 0 0 1.07192e+06 0 0 0 0 0
0.380258 0 -9.63839e+10 3.31628e+10 0 0 0 0 -9.63839e+10 3.31628e+10 0 0 0 0 0 0 0 0 0 0 0 0 0 1.07192e+06 0 0 0 0 0
0.390658 0 -9.6822e+10 3.43956e+10 0 0 0 0 -9.6822e+10 3.43956e+10 0 0 0 0 0 0 0 0 0 0 0 0 0 1.07192e+06 0 0 0 0 0
0.401343 0 -9.73247e+10 3.56048e+10 0 0 0 0 -9.73247e+10 3.56048e+10 0 0 0 0 0 0 0 0 0 0 0 0 0 1.07192e+06 0 0 0 0 0
0.41047 0 -9.79257e+10 3.68044e+10 0 0 0 0 -9.79257e+10 3.68044e+10 0 0 0 0 0 0 0 0 0 0 0 0 0 1.07192e+06 0 0 0 0 0
0.421697 0 -9.8902e+10 3.83975e+10 0 0 0 0 -9.8902e+10 3.83975e+10 0 0 0 0 0 0 0 0 0 0 0 0 0 1.07192e+06 0 0 0 0 0
0.431286 0 -9.95978e+10 3.9573e+10 0 0 0 0 -9.95978e+10 3.9573e+10 0 0 0 0 0 0 0 0 0 0 0 0 0 1.07192e+06 0 0 0 0 0
0.441094 0 -1.0021e+11 4.06268e+10 0 0 0 0 -1.0021e+11 4.06268e+10 0 0 0 0 0 0 0 0 0 0 0 0 0 1.07192e+06 0 0 0 0 0
0.451125 0 -1.01272e+11 4.2101e+10 0 0 0 0 -1.01272e+11 4.2101e+10 0 0 0 0 0 0 0 0 0 0 0 0 0 1.07192e+06 0 0 0 0 0
0.461384 0 -1.02068e+11 4.32514e+10 0 0 0 0 -1.02068e+11 4.32514e+10 0 0 0 0 0 0 0 0 0 0 0 0 0 1.07192e+06 0 0 0 0 0
0.471876 0 -1.02919e+11 4.44344e+10 0 0 0 0 -1.02919e+11 4.44344e+10 0 0 0 0 0 0 0 0 0 0 0 0 0 1.07192e+06 0 0 0 0 0
0.480442 0 -1.03459e+11 4.52222e+10 0 0 0 0 -1.03459e+11 4.52222e+10 0 0 0 0 0 0 0 0 0 0 0 0 0 1.07192e+06 0 0 0 0 0
0.491367 0 -1.04262e+11 4.63071e+10 0 0 0 0 -1.04262e+11 4.63071e+10 0 0 0 0 0 0 0 0 0 0 0 0 0 1.07192e+06 0 0 0 0 0
0.500286 0 -1.04923e+11 4.71834e+10 0 0 0 0 -1.04923e+11 4.71834e+10 0 0 0 0 0 0 0 0 0 0 0 0 0 1.07192e+06 0 0 0 0 0
0.511663 0 -1.06004e+11 4.84569e+10 0 0 0 0 -1.06004e+11 4.84569e+10 0 0 0 0 0 0 0 0 0 0 0 0 0 1.07192e+06 0 0 0 0 0
0.520951 0 -1.06979e+11 4.95697e+10 0 0 0 0 -1.06979e+11 4.95697e+10 0 0 0 0 0 0 0 0 0 0 0 0 0 1.07192e+06 0 0 0 0 0
0.530407 0 -1.07873e+11 5.05652e+10 0 0 0 0 -1.07873e+11 5.05652e+10 0 0 0 0 0 0 0 0 0 0 0 0 0 1.07192e+06 0 0 0 0 0
0.540035 0 -1.08832e+11 5.16433e+10 0 0 0 0 -1.08832e+11 5.16433e+10 0 0 0 0 0 0 0 0 0 0 0 0 0 1.07192e+06 0 0 0 0 0
0.551075 0 -1.10409e+11 5.33058e+10 0 0 0 0 -1.10409e+11 5.33058e+10 0 0 0 0 0 0 0 0 0 0 0 0 0 1.07192e+06 0 0 0 0 0
0.561078 0 -1.11066e+11 5.39984e+10 0 0 0 0 -1.11066e+11 5.39984e+10 0 0 0 0 0 0 0 0 0 0 0 0 0 1.07192e+06 0 0 0 0 0
0.571263 0 -1.11967e+11 5.49335e+10 0 0 0 0 -1.11967e+11 5.49335e+10 0 0 0 0 0 0 0 0 0 0 0 0 0 1.07192e+06 0 0 0 0 0
0.580326 0 -1.12646e+11 5.56218e+10 0 0 0 0 -1.12646e+11 5.56218e+10 0 0 0 0 0 0 0 0 0 0 0 0 0 1.07192e+06 0 0 0 0 0
0.59086 0 -1.13514e+11 5.64898e+10 0 0 0 0 -1.13514e+11 5.64898e+10 0 0 0 0 0 0 0 0 0 0 0 0 0 1.07192e+06 0 0 0 0 0
0.600234 0 -1.14457e+11 5.742e+10 0 0 0 0 -1.14457e+11 5.742e+10 0 0 0 0 0 0 0 0 0 0 0 0 0 1.07192e+06 0 0 0 0 0
0.611129 0 -1.15591e+11 5.85349e+10 0 0 0 0 -1.15591e+11 5.85349e+10 0 0 0 0 0 0 0 0 0 0 0 0 0 1.07192e+06 0 0 0 0 0
0.620824 0 -1.1646e+11 5.93565e+10 0 0 0 0 -1.1646e+11 5.93565e+10 0 0 0 0 0 0 0 0 0 0 0 0 0 1.07192e+06 0 0 0 0 0
0.630674 0 -1.17786e+11 6.06328e+10 0 0 0 0 -1.17786e+11 6.06328e+10 0 0 0 0 0 0 0 0 0 0 0 0 0 1.07192e+06 0 0 0 0 0
0.640679 0 -1.19304e+11 6.20571e+10 0 0 0 0 -1.19304e+11 6.20571e+10 0 0 0 0 0 0 0 0 0 0 0 0 0 1.07192e+06 0 0 0 0 0
0.650843 0 -1.20526e+11 6.31849e+10 0 0 0 0 -1.20526e+11 6.31849e+10 0 0 0 0 0 0 0 0 0 0 0 0 0 1.07192e+06 0 0 0 0 0
0.661169 0 -1.21412e+11 6.39606e+10 0 0 0 0 -1.21412e+11 6.39606e+10 0 0 0 0 0 0 0 0 0 0 0 0 0 1.07192e+06 0 0 0 0 0
0.67015 0 -1.21781e+11 6.42416e+10 0 0 0 0 -1.21781e+11 6.42416e+10 0 0 0 0 0 0 0 0 0 0 0 0 0 1.07192e+06 0 0 0 0 0
0.680782 0 -1.22402e+11 6.47399e+10 0 0 0 0 -1.22402e+11 6.47399e+10 0 0 0 0 0 0 0 0 0 0 0 0 0 1.07192e+06 0 0 0 0 0
0.690029 0 -1.23117e+11 6.53375e+10 0 0 0 0 -1.23117e+11 6.53375e+10 0 0 0 0 0 0 0 0 0 0 0 0 0 1.07192e+06 0 0 0 0 0
0.700976 0 -1.24012e+11 6.60941e+10 0 0 0 0 -1.24012e+11 6.60941e+10 0 0 0 0 0 0 0 0 0 0 0 0 0 1.07192e+06 0 0 0 0 0
0.710497 0 -1.24356e+11 6.63071e+10 0 0 0 0 -1.24356e+11 6.63071e+10 0 0 0 0 0 0 0 0 0 0 0 0 0 1.07192e+06 0 0 0 0 0
0.720148 0 -1.24725e+11 6.65607e+10 0 0 0 0 -1.24725e+11 6.65607e+10 0 0 0 0 0 0 0 0 0 0 0 0 0 1.07192e+06 0 0 0 0 0
0.731573 0 -1.24989e+11 6.66839e+10 0 0 0 0 -1.24989e+11 6.66839e+10 0 0 0 0 0 0 0 0 0 0 0 0 0 1.07192e+06 0 0 0 0 0
0.74151 0 -1.25759e+11 6.73238e+10 0 0 0 0 -1.25759e+11 6.73238e+10 0 0 0 0 0 0 0 0 0 0 0 0 0 1.07192e+06 0 0 0 0 0
0.751582 0 -1.2682e+11 6.8237e+10 0 0 0 0 -1.2682e+11 6.8237e+10 0 0 0 0 0 0 0 0 0 0 0 0 0 1.07192e+06 0 0 0 0 0
0.76008 0 -1.27547e+11 6.88555e+10 0 0 0 0 -1.27547e+11 6.88555e+10 0 0 0 0 0 0 0 0 0 0 0 0 0 1.07192e+06 0 0 0 0 0
0.770404 0 -1.28279e+11 6.94349e+10 0 0 0 0 -1.28279e+11 6.94349e+10 0 0 0 0 0 0 0 0 0 0 0 0 0 1.07192e+06 0 0 0 0 0
0.780869 0 -1.2862e+11 6.96253e+10 0 0 0 0 -1.2862e+11 6.96253e+10 0 0 0 0 0 0 0 0 0 0 0 0 0 1.07192e+06 0 0 0 0 0
0.791476 0 -1.29266e+11 7.01104e+10 0 0 0 0 -1.29266e+11 7.01104e+10 0 0 0 0 0 0 0 0 0 0 0 0 0 1.07192e+06 0 0 0 0 0
0.800424 0 -1.29606e+11 7.03123e+10 0 0 0 0 -1.29606e+11 7.03123e+10 0 0 0 0 0 0 0 0 0 0 0 0 0 1.07192e+06 0 0 0 0 0
0.811297 0 -1.29669e+11 7.0224e+10 0 0 0 0 -1.29669e+11 7.0224e+10 0 0 0 0 0 0 0 0 0 0 0 0 0 1.07192e+06 0 0 0 0 0
0.82047 0 -1.30062e+11 7.04795e+10 0 0 0 0 -1.30062e+11 7.04795e+10 0 0 0 0 0 0 0 0 0 0 0 0 0 1.07192e+06 0 0 0 0 0
0.831614 0 -1.30221e+11 7.04835e+10 0 0 0 0 -1.30221e+11 7.04835e+10 0 0 0 0 0 0 0 0 0 0 0 0 0 1.07192e+06 0 0 0 0 0
0.841017 0 -1.30131e+11 7.02792e+10 0 0 0 0 -1.30131e+11 7.02792e+10 0 0 0 0 0 0 0 0 0 0 0 0 0 1.07192e+06 0 0 0 0 0
0.850526 0 -1.30221e+11 7.02483e+10 0 0 0 0 -1.30221e+11 7.02483e+10 0 0 0 0 0 0 0 0 0 0 0 0 0 1.07192e+06 0 0 0 0 0
0.860142 0 -1.30656e+11 7.05473e+10 0 0 0 0 -1.30656e+11 7.05473e+10 0 0 0 0 0 0 0 0 0 0 0 0 0 1.07192e+06 0 0 0 0 0
0.871826 0 -1.31262e+11 7.10081e+10 0 0 0 0 -1.31262e+11 7.10081e+10 0 0 0 0 0 0 0 0 0 0 0 0 0 1.07192e+06 0 0 0 0 0
0.881683 0 -1.32034e+11 7.16429e+10 0 0 0 0 -1.32034e+11 7.16429e+10 0 0 0 0 0 0 0 0 0 0 0 0 0 1.07192e+06 0 0 0 0 0
0.891652 0 -1.32695e+11 7.21603e+10 0 0 0 0 -1.32695e+11 7.21603e+10 0 0 0 0 0 0 0 0 0 0 0 0 0 1.07192e+06 0 0 0 0 0
0.901733 0 -1.33303e+11 7.26182e+10 0 0 0 0 -1.33303e+11 7.26182e+10 0 0 0 0 0 0 0 0 0 0 0 0 0 1.07192e+06 0 0 0 0 0
0.911929 0 -1.33898e+11 7.30769e+10 0 0 0 0 -1.33898e+11 7.30769e+10 0 0 0 0 0 0 0 0 0 0 0 0 0 1.07192e+06 0 0 0 0 0
0.920168 0 -1.34053e+11 7.31147e+10 0 0 0 0 -1.34053e+11 7.31147e+10 0 0 0 0 0 0 0 0 0 0 0 0 0 1.07192e+06 0 0 0 0 0
0.930572 0 -1.34311e+11 7.32288e+10 0 0 0 0 -1.34311e+11 7.32288e+10 0 0 0 0 0 0 0 0 0 0 0 0 0 1.07192e+06 0 0 0 0 0
0.941094 0 -1.34772e+11 7.35391e+10 0 0 0 0 -1.34772e+11 7.35391e+10 0 0 0 0 0 0 0 0 0 0 0 0 0 1.07192e+06 0 0 0 0 0
0.951734 0 -1.3527e+11 7.38949e+10 0 0 0 0 -1.3527e+11 7.38949e+10 0 0 0 0 0 0 0 0 0 0 0 0 0 1.07192e+06 0 0 0 0 0
0.960333 0 -1.35533e+11 7.40396e+10 0 0 0 0 -1.35533e+11 7.40396e+10 0 0 0 0 0 0 0 0 0 0 0 0 0 1.07192e+06 0 0 0 0 0
0.971191 0 -1.3617e+11 7.45183e+10 0 0 0 0 -1.3617e+11 7.45183e+10 0 0 0 0 0 0 0 0 0 0 0 0 0 1.07192e+06 0 0 0 0 0
0.982172 0 -1.36824e+11 7.50192e+10 0 0 0 0 -1.36824e+11 7.50192e+10 0 0 0 0 0 0 0 0 0 0 0 0 0 1.07192e+06 0 0 0 0 0
0.991046 0 -1.37214e+11 7.52903e+10 0 0 0 0 -1.37214e+11 7.52903e+10 0 0 0 0 0 0 0 0 0 0 0 0 0 1.07192e+06 0 0 0 0 0
