0.01 0 -1.85928e+12 1.3039e+09 0 0 0 0 -1.85928e+12 1.3039e+09 0 0 0 0 0 0 0 0 0 0 0 0 0 1.07192e+06 0 0 0 0 0
0.0200786 0 -9.28808e+11 2.56573e+09 0 0 0 0 -9.28808e+11 2.56573e+09 0 0 0 0 0 0 0 0 0 0 0 0 0 1.07192e+06 0 0 0 0 0
0.0300965 0 -6.22794e+11 3.82416e+09 0 0 0 0 -6.22794e+11 3.82416e+09 0 0 0 0 0 0 0 0 0 0 0 0 0 1.07192e+06 0 0 0 0 0
0.0401343 0 -4.70467e+11 5.08684e+09 0 0 0 0 -4.70467e+11 5.08684e+09 0 0 0 0 0 0 0 0 0 0 0 0 0 1.07192e+06 0 0 0 0 0
0.0500286 0 -3.80825e+11 6.33474e+09 0 0 0 0 -3.80825e+11 6.33474e+09 0 0 0 0 0 0 0 0 0 0 0 0 0 1.07192e+06 0 0 0 0 0
0.0601585 0 -3.20183e+11 7.61745e+09 0 0 0 0 -3.20183e+11 7.61745e+09 0 0 0 0 0 0 0 0 0 0 0 0 0 1.07192e+06 0 0 0 0 0
0.0700976 0 -2.78287e+11 8.88272e+09 0 0 0 0 -2.78287e+11 8.88272e+09 0 0 0 0 0 0 0 0 0 0 0 0 0 1.07192e+06 0 0 0 0 0
0.0802226 0 -2.46803e+11 1.01802e+10 0 0 0 0 -2.46803e+11 1.01802e+10 0 0 0 0 0 0 0 0 0 0 0 0 0 1.07192e+06 0 0 0 0 0
0.0901733 0 -2.23196e+11 1.14654e+10 0 0 0 0 -2.23196e+11 1.14654e+10 0 0 0 0 0 0 0 0 0 0 0 0 0 1.07192e+06 0 0 0 0 0
0.100451 0 -2.04069e+11 1.28052e+10 0 0 0 0 -2.04069e+11 1.28052e+10 0 0 0 0 0 0 0 0 0 0 0 0 0 1.07192e+06 0 0 0 0 0
0.1104 0 -1.89343e+11 1.41162e+10 0 0 0 0 -1.89343e+11 1.41162e+10 0 0 0 0 0 0 0 0 0 0 0 0 0 1.07192e+06 0 0 0 0 0
0.120248 0 -1.77529e+11 1.54296e+10 0 0 0 0 -1.77529e+11 1.54296e+10 0 0 0 0 0 0 0 0 0 0 0 0 0 1.07192e+06 0 0 0 0 0
0.130387 0 -1.67585e+11 1.68012e+10 0 0 0 0 -1.67585e+11 1.68012e+10 0 0 0 0 0 0 0 0 0 0 0 0 0 1.07192e+06 0 0 0 0 0
0.140115 0 -1.5965e+11 1.81398e+10 0 0 0 0 -1.5965e+11 1.81398e+10 0 0 0 0 0 0 0 0 0 0 0 0 0 1.07192e+06 0 0 0 0 0
0.150569 0 -1.52614e+11 1.96275e+10 0 0 0 0 -1.52614e+11 1.96275e+10 0 0 0 0 0 0 0 0 0 0 0 0 0 1.07192e+06 0 0 0 0 0
0.160353 0 -1.47183e+11 2.10311e+10 0 0 0 0 -1.47183e+11 2.10311e+10 0 0 0 0 0 0 0 0 0 0 0 0 0 1.07192e+06 0 0 0 0 0
0.170008 0 -1.42655e+11 2.24527e+10 0 0 0 0 -1.42655e+11 2.24527e+10 0 0 0 0 0 0 0 0 0 0 0 0 0 1.07192e+06 0 0 0 0 0
0.180243 0 -1.38757e+11 2.40569e+10 0 0 0 0 -1.38757e+11 2.40569e+10 0 0 0 0 0 0 0 0 0 0 0 0 0 1.07192e+06 0 0 0 0 0
0.190238 0 -1.35553e+11 2.56085e+10 0 0 0 0 -1.35553e+11 2.56085e+10 0 0 0 0 0 0 0 0 0 0 0 0 0 1.07192e+06 0 0 0 0 0
0.200786 0 -1.32897e+11 2.73283e+10 0 0 0 0 -1.32897e+11 2.73283e+10 0 0 0 0 0 0 0 0 0 0 0 0 0 1.07192e+06 0 0 0 0 0
0.210022 0 -1.31027e+11 2.88779e+10 0 0 0 0 -1.31027e+11 2.88779e+10 0 0 0 0 0 0 0 0 0 0 0 0 0 1.07192e+06 0 0 0 0 0
0.220673 0 -1.29567e+11 3.08819e+10 0 0 0 0 -1.29567e+11 3.08819e+10 0 0 0 0 0 0 0 0 0 0 0 0 0 1.07192e+06 0 0 0 0 0
0.230824 0 -1.28489e+11 3.27611e+10 0 0 0 0 -1.28489e+11 3.27611e+10 0 0 0 0 0 0 0 0 0 0 0 0 0 1.07192e+06 0 0 0 0 0
0.240358 0 -1.2807e+11 3.4784e+10 0 0 0 0 -1.2807e+11 3.4784e+10 0 0 0 0 0 0 0 0 0 0 0 0 0 1.07192e+06 0 0 0 0 0
0.250287 0 -1.27542e+11 3.65362e+10 0 0 0 0 -1.27542e+11 3.65362e+10 0 0 0 0 0 0 0 0 0 0 0 0 0 1.07192e+06 0 0 0 0 0
0.260625 0 -1.27702e+11 3.8822e+10 0 0 0 0 -1.27702e+11 3.8822e+10 0 0 0 0 0 0 0 0 0 0 0 0 0 1.07192e+06 0 0 0 0 0
0.270172 0 -1.28416e+11 4.12573e+10 0 0 0 0 -1.28416e+11 4.12573e+10 0 0 0 0 0 0 0 0 0 0 0 0 0 1.07192e+06 0 0 0 0 0
0.280069 0 -1.29357e+11 4.37846e+10 0 0 0 0 -1.29357e+11 4.37846e+10 0 0 0 0 0 0 0 0 0 0 0 0 0 1.07192e+06 0 0 0 0 0
0.290329 0 -1.30166e+11 4.60147e+10 0 0 0 0 -1.30166e+11 4.60147e+10 0 0 0 0 0 0 0 0 0 0 0 0 0 1.07192e+06 0 0 0 0 0
0.300965 0 -1.31253e+11 4.84237e+10 0 0 0 0 -1.31253e+11 4.84237e+10 0 0 0 0 0 0 0 0 0 0 0 0 0 1.07192e+06 0 0 0 0 0
0.31059 0 -1.32271e+11 5.0487e+10 0 0 0 0 -1.32271e+11 5.0487e+10 0 0 0 0 0 0 0 0 0 0 0 0 0 1.07192e+06 0 0 0 0 0
0.320523 0 -1.33879e+11 5.30229e+10 0 0 0 0 -1.33879e+11 5.30229e+10 0 0 0 0 0 0 0 0 0 0 0 0 0 1.07192e+06 0 0 0 0 0
0.330774 0 -1.36031e+11 5.60059e+10 0 0 0 0 -1.36031e+11 5.60059e+10 0 0 0 0 0 0 0 0 0 0 0 0 0 1.07192e+06 0 0 0 0 0
0.341353 0 -1.38587e+11 5.92443e+10 0 0 0 0 -1.38587e+11 5.92443e+10 0 0 0 0 0 0 0 0 0 0 0 0 0 1.07192e+06 0 0 0 0 0
0.350689 0 -1.41303e+11 6.24614e+10 0 0 0 0 -1.41303e+11 6.24614e+10 0 0 0 0 0 0 0 0 0 0 0 0 0 1.07192e+06 0 0 0 0 0
0.36028 0 -1.44413e+11 6.59549e+10 0 0 0 0 -1.44413e+11 6.59549e+10 0 0 0 0 0 0 0 0 0 0 0 0 0 1.07192e+06 0 0 0 0 0
0.370134 0 -1.46161e+11 6.80013e+10 0 0 0 0 -1.46161e+11 6.80013e+10 0 0 0 0 0 0 0 0 0 0 0 0 0 1.07192e+06 0 0 0 0 0
0.380258 0 -1.47301e+11 6.9397e+10 0 0 0 0 -1.47301e+11 6.9397e+10 0 0 0 0 0 0 0 0 0 0 0 0 0 1.07192e+06 0 0 0 0 0
0.390658 0 -1.4932e+11 7.16135e+10 0 0 0 0 -1.4932e+11 7.16135e+10 0 0 0 0 0 0 0 0 0 0 0 0 0 1.07192e+06 0 0 0 0 0
0.400441 0 -1.52646e+11 7.50593e+10 0 0 0 0 -1.52646e+11 7.50593e+10 0 0 0 0 0 0 0 0 0 0 0 0 0 1.07192e+06 0 0 0 0 0
0.41047 0 -1.55666e+11 7.8089e+10 0 0 0 0 -1.55666e+11 7.8089e+10 0 0 0 0 0 0 0 0 0 0 0 0 0 1.07192e+06 0 0 0 0 0
0.420749 0 -1.58066e+11 8.04384e+10 0 0 0 0 -1.58066e+11 8.04384e+10 0 0 0 0 0 0 0 0 0 0 0 0 0 1.07192e+06 0 0 0 0 0
0.430318 0 -1.60663e+11 8.29631e+10 0 0 0 0 -1.60663e+11 8.29631e+10 0 0 0 0 0 0 0 0 0 0 0 0 0 1.07192e+06 0 0 0 0 0
0.440103 0 -1.64015e+11 8.61627e+10 0 0 0 0 -1.64015e+11 8.61627e+10 0 0 0 0 0 0 0 0 0 0 0 0 0 1.07192e+06 0 0 0 0 0
0.450112 0 -1.66982e+11 8.89183e+10 0 0 0 0 -1.66982e+11 8.89183e+10 0 0 0 0 0 0 0 0 0 0 0 0 0 1.07192e+06 0 0 0 0 0
0.460348 0 -1.69342e+11 9.10037e+10 0 0 0 0 -1.69342e+11 9.10037e+10 0 0 0 0 0 0 0 0 0 0 0 0 0 1.07192e+06 0 0 0 0 0
0.470816 0 -1.71571e+11 9.29364e+10 0 0 0 0 -1.71571e+11 9.29364e+10 0 0 0 0 0 0 0 0 0 0 0 0 0 1.07192e+06 0 0 0 0 0
0.480442 0 -1.7416e+11 9.52186e+10 0 0 0 0 -1.7416e+11 9.52186e+10 0 0 0 0 0 0 0 0 0 0 0 0 0 1.07192e+06 0 0 0 0 0
0.490264 0 -1.75948e+11 9.66664e+10 0 0 0 0 -1.75948e+11 9.66664e+10 0 0 0 0 0 0 0 0 0 0 0 0 0 1.07192e+06 0 0 0 0 0
0.500286 0 -1.78467e+11 9.88302e+10 0 0 0 0 -1.78467e+11 9.88302e+10 0 0 0 0 0 0 0 0 0 0 0 0 0 1.07192e+06 0 0 0 0 0
0.510514 0 -1.81561e+11 1.01461e+11 0 0 0 0 -1.81561e+11 1.01461e+11 0 0 0 0 0 0 0 0 0 0 0 0 0 1.07192e+06 0 0 0 0 0
0.520951 0 -1.85142e+11 1.04568e+11 0 0 0 0 -1.85142e+11 1.04568e+11 0 0 0 0 0 0 0 0 0 0 0 0 0 1.07192e+06 0 0 0 0 0
0.530407 0 -1.87713e+11 1.06673e+11 0 0 0 0 -1.87713e+11 1.06673e+11 0 0 0 0 0 0 0 0 0 0 0 0 0 1.07192e+06 0 0 0 0 0
0.540035 0 -1.89936e+11 1.08401e+11 0 0 0 0 -1.89936e+11 1.08401e+11 0 0 0 0 0 0 0 0 0 0 0 0 0 1.07192e+06 0 0 0 0 0
0.551075 0 -1.92159e+11 1.1005e+11 0 0 0 0 -1.92159e+11 1.1005e+11 0 0 0 0 0 0 0 0 0 0 0 0 0 1.07192e+06 0 0 0 0 0
0.561078 0 -1.94223e+11 1.1158e+11 0 0 0 0 -1.94223e+11 1.1158e+11 0 0 0 0 0 0 0 0 0 0 0 0 0 1.07192e+06 0 0 0 0 0
0.571263 0 -1.96383e+11 1.13184e+11 0 0 0 0 -1.96383e+11 1.13184e+11 0 0 0 0 0 0 0 0 0 0 0 0 0 1.07192e+06 0 0 0 0 0
0.580326 0 -1.98483e+11 1.14802e+11 0 0 0 0 -1.98483e+11 1.14802e+11 0 0 0 0 0 0 0 0 0 0 0 0 0 1.07192e+06 0 0 0 0 0
0.59086 0 -2.01608e+11 1.17316e+11 0 0 0 0 -2.01608e+11 1.17316e+11 0 0 0 0 0 0 0 0 0 0 0 0 0 1.07192e+06 0 0 0 0 0
0.600234 0 -2.03546e+11 1.18716e+11 0 0 0 0 -2.03546e+11 1.18716e+11 0 0 0 0 0 0 0 0 0 0 0 0 0 1.07192e+06 0 0 0 0 0
0.611129 0 -2.05816e+11 1.20346e+11 0 0 0 0 -2.05816e+11 1.20346e+11 0 0 0 0 0 0 0 0 0 0 0 0 0 1.07192e+06 0 0 0 0 0
0.620824 0 -2.08198e+11 1.22141e+11 0 0 0 0 -2.08198e+11 1.22141e+11 0 0 0 0 0 0 0 0 0 0 0 0 0 1.07192e+06 0 0 0 0 0
0.630674 0 -2.11063e+11 1.24417e+11 0 0 0 0 -2.11063e+11 1.24417e+11 0 0 0 0 0 0 0 0 0 0 0 0 0 1.07192e+06 0 0 0 0 0
0.640679 0 -2.14548e+11 1.27254e+11 0 0 0 0 -2.14548e+11 1.27254e+11 0 0 0 0 0 0 0 0 0 0 0 0 0 1.07192e+06 0 0 0 0 0
0.650843 0 -2.18885e+11 1.30936e+11 0 0 0 0 -2.18885e+11 1.30936e+11 0 0 0 0 0 0 0 0 0 0 0 0 0 1.07192e+06 0 0 0 0 0
0.661169 0 -2.2338e+11 1.34704e+11 0 0 0 0 -2.2338e+11 1.34704e+11 0 0 0 0 0 0 0 0 0 0 0 0 0 1.07192e+06 0 0 0 0 0
0.67015 0 -2.26709e+11 1.37401e+11 0 0 0 0 -2.26709e+11 1.37401e+11 0 0 0 0 0 0 0 0 0 0 0 0 0 1.07192e+06 0 0 0 0 0
0.680782 0 -2.31998e+11 1.41871e+11 0 0 0 0 -2.31998e+11 1.41871e+11 0 0 0 0 0 0 0 0 0 0 0 0 0 1.07192e+06 0 0 0 0 0
0.690029 0 -2.36341e+11 1.45484e+11 0 0 0 0 -2.36341e+11 1.45484e+11 0 0 0 0 0 0 0 0 0 0 0 0 0 1.07192e+06 0 0 0 0 0
0.700976 0 -2.42005e+11 1.50224e+11 0 0 0 0 -2.42005e+11 1.50224e+11 0 0 0 0 0 0 0 0 0 0 0 0 0 1.07192e+06 0 0 0 0 0
0.710497 0 -2.45049e+11 1.52461e+11 0 0 0 0 -2.45049e+11 1.52461e+11 0 0 0 0 0 0 0 0 0 0 0 0 0 1.07192e+06 0 0 0 0 0
0.720148 0 -2.49029e+11 1.55597e+11 0 0 0 0 -2.49029e+11 1.55597e+11 0 0 0 0 0 0 0 0 0 0 0 0 0 1.07192e+06 0 0 0 0 0
0.731573 0 -2.53645e+11 1.59172e+11 0 0 0 0 -2.53645e+11 1.59172e+11 0 0 0 0 0 0 0 0 0 0 0 0 0 1.07192e+06 0 0 0 0 0
0.74151 0 -2.57093e+11 1.61715e+11 0 0 0 0 -2.57093e+11 1.61715e+11 0 0 0 0 0 0 0 0 0 0 0 0 0 1.07192e+06 0 0 0 0 0
0.751582 0 -2.60038e+11 1.63745e+11 0 0 0 0 -2.60038e+11 1.63745e+11 0 0 0 0 0 0 0 0 0 0 0 0 0 1.07192e+06 0 0 0 0 0
0.76008 0 -2.62552e+11 1.65464e+11 0 0 0 0 -2.62552e+11 1.65464e+11 0 0 0 0 0 0 0 0 0 0 0 0 0 1.07192e+06 0 0 0 0 0
0.770404 0 -2.65042e+11 1.6703e+11 0 0 0 0 -2.65042e+11 1.6703e+11 0 0 0 0 0 0 0 0 0 0 0 0 0 1.07192e+06 0 0 0 0 0
0.780869 0 -2.67371e+11 1.6839e+11 0 0 0 0 -2.67371e+11 1.6839e+11 0 0 0 0 0 0 0 0 0 0 0 0 0 1.07192e+06 0 0 0 0 0
0.791476 0 -2.69065e+11 1.6915e+11 0 0 0 0 -2.69065e+11 1.6915e+11 0 0 0 0 0 0 0 0 0 0 0 0 0 1.07192e+06 0 0 0 0 0
0.800424 0 -2.70904e+11 1.70192e+11 0 0 0 0 -2.70904e+11 1.70192e+11 0 0 0 0 0 0 0 0 0 0 0 0 0 1.07192e+06 0 0 0 0 0
0.811297 0 -2.73618e+11 1.71941e+11 0 0 0 0 -2.73618e+11 1.71941e+11 0 0 0 0 0 0 0 0 0 0 0 0 0 1.07192e+06 0 0 0 0 0
0.82047 0 -2.75218e+11 1.72738e+11 0 0 0 0 -2.75218e+11 1.72738e+11 0 0 0 0 0 0 0 0 0 0 0 0 0 1.07192e+06 0 0 0 0 0
0.831614 0 -2.77822e+11 1.74381e+11 0 0 0 0 -2.77822e+11 1.74381e+11 0 0 0 0 0 0 0 0 0 0 0 0 0 1.07192e+06 0 0 0 0 0
0.841017 0 -2.80341e+11 1.76073e+11 0 0 0 0 -2.80341e+11 1.76073e+11 0 0 0 0 0 0 0 0 0 0 0 0 0 1.07192e+06 0 0 0 0 0
0.850526 0 -2.82564e+11 1.77466e+11 0 0 0 0 -2.82564e+11 1.77466e+11 0 0 0 0 0 0 0 0 0 0 0 0 0 1.07192e+06 0 0 0 0 0
0.860142 0 -2.8422e+11 1.78287e+11 0 0 0 0 -2.8422e+11 1.78287e+11 0 0 0 0 0 0 0 0 0 0 0 0 0 1.07192e+06 0 0 0 0 0
0.871826 0 -2.86273e+11 1.79362e+11 0 0 0 0 -2.86273e+11 1.79362e+11 0 0 0 0 0 0 0 0 0 0 0 0 0 1.07192e+06 0 0 0 0 0
0.881683 0 -2.88312e+11 1.80559e+11 0 0 0 0 -2.88312e+11 1.80559e+11 0 0 0 0 0 0 0 0 0 0 0 0 0 1.07192e+06 0 0 0 0 0
0.891652 0 -2.89735e+11 1.81146e+11 0 0 0 0 -2.89735e+11 1.81146e+11 0 0 0 0 0 0 0 0 0 0 0 0 0 1.07192e+06 0 0 0 0 0
0.901733 0 -2.91385e+11 1.81966e+11 0 0 0 0 -2.91385e+11 1.81966e+11 0 0 0 0 0 0 0 0 0 0 0 0 0 1.07192e+06 0 0 0 0 0
0.911929 0 -2.92765e+11 1.82498e+11 0 0 0 0 -2.92765e+11 1.82498e+11 0 0 0 0 0 0 0 0 0 0 0 0 0 1.07192e+06 0 0 0 0 0
0.920168 0 -2.93858e+11 1.82946e+11 0 0 0 0 -2.93858e+11 1.82946e+11 0 0 0 0 0 0 0 0 0 0 0 0 0 1.07192e+06 0 0 0 0 0
0.930572 0 -2.9529e+11 1.83535e+11 0 0 0 0 -2.9529e+11 1.83535e+11 0 0 0 0 0 0 0 0 0 0 0 0 0 1.07192e+06 0 0 0 0 0
0.941094 0 -2.96246e+11 1.83665e+11 0 0 0 0 -2.96246e+11 1.83665e+11 0 0 0 0 0 0 0 0 0 0 0 0 0 1.07192e+06 0 0 0 0 0
0.951734 0 -2.97463e+11 1.84079e+11 0 0 0 0 -2.97463e+11 1.84079e+11 0 0 0 0 0 0 0 0 0 0 0 0 0 1.07192e+06 0 0 0 0 0
0.960333 0 -2.98576e+11 1.84535e+11 0 0 0 0 -2.98576e+11 1.84535e+11 0 0 0 0 0 0 0 0 0 0 0 0 0 1.07192e+06 0 0 0 0 0
0.971191 0 -2.99142e+11 1.84308e+11 0 0 0 0 -2.99142e+11 1.84308e+11 0 0 0 0 0 0 0 0 0 0 0 0 0 1.07192e+06 0 0 0 0 0
0.982172 0 -2.98854e+11 1.83245e+11 0 0 0 0 -2.98854e+11 1.83245e+11 0 0 0 0 0 0 0 0 0 0 0 0 0 1.07192e+06 0 0 0 0 0
0.991046 0 -2.98851e+11 1.82628e+11 0 0 0 0 -2.98851e+11 1.82628e+11 0 0 0 0 0 0 0 0 0 0 0 0 0 1.07192e+06 0 0 0 0 0
