0.01 0 -1.85834e+12 9.5128e+08 0 0 0 0 -1.85834e+12 9.5128e+08 0 0 0 0 0 0 0 0 0 0 0 0 0 1.07192e+06 0 0 0 0 0
0.0200786 0 -9.27843e+11 1.84786e+09 0 0 0 0 -9.27843e+11 1.84786e+09 0 0 0 0 0 0 0 0 0 0 0 0 0 1.07192e+06 0 0 0 0 0
0.0300965 0 -6.21289e+11 2.73873e+09 0 0 0 0 -6.21289e+11 2.73873e+09 0 0 0 0 0 0 0 0 0 0 0 0 0 1.07192e+06 0 0 0 0 0
0.0401343 0 -4.68372e+11 3.62777e+09 0 0 0 0 -4.68372e+11 3.62777e+09 0 0 0 0 0 0 0 0 0 0 0 0 0 1.07192e+06 0 0 0 0 0
0.0500286 0 -3.77938e+11 4.50172e+09 0 0 0 0 -3.77938e+11 4.50172e+09 0 0 0 0 0 0 0 0 0 0 0 0 0 1.07192e+06 0 0 0 0 0
0.0601585 0 -3.16976e+11 5.39532e+09 0 0 0 0 -3.16976e+11 5.39532e+09 0 0 0 0 0 0 0 0 0 0 0 0 0 1.07192e+06 0 0 0 0 0
0.0700976 0 -2.74336e+11 6.27213e+09 0 0 0 0 -2.74336e+11 6.27213e+09 0 0 0 0 0 0 0 0 0 0 0 0 0 1.07192e+06 0 0 0 0 0
0.0802226 0 -2.42331e+11 7.16657e+09 0 0 0 0 -2.42331e+11 7.16657e+09 0 0 0 0 0 0 0 0 0 0 0 0 0 1.07192e+06 0 0 0 0 0
0.0901733 0 -2.1813e+11 8.04792e+09 0 0 0 0 -2.1813e+11 8.04792e+09 0 0 0 0 0 0 0 0 0 0 0 0 0 1.07192e+06 0 0 0 0 0
0.100451 0 -1.9837e+11 8.96175e+09 0 0 0 0 -1.9837e+11 8.96175e+09 0 0 0 0 0 0 0 0 0 0 0 0 0 1.07192e+06 0 0 0 0 0
0.1104 0 -1.83085e+11 9.85119e+09 0 0 0 0 -1.83085e+11 9.85119e+09 0 0 0 0 0 0 0 0 0 0 0 0 0 1.07192e+06 0 0 0 0 0
0.120248 0 -1.70575e+11 1.07374e+10 0 0 0 0 -1.70575e+11 1.07374e+10 0 0 0 0 0 0 0 0 0 0 0 0 0 1.07192e+06 0 0 0 0 0
0.130387 0 -1.59952e+11 1.16578e+10 0 0 0 0 -1.59952e+11 1.16578e+10 0 0 0 0 0 0 0 0 0 0 0 0 0 1.07192e+06 0 0 0 0 0
0.140115 0 -1.51403e+11 1.25502e+10 0 0 0 0 -1.51403e+11 1.25502e+10 0 0 0 0 0 0 0 0 0 0 0 0 0 1.07192e+06 0 0 0 0 0
0.150569 0 -1.43612e+11 1.35225e+10 0 0 0 0 -1.43612e+11 1.35225e+10 0 0 0 0 0 0 0 0 0 0 0 0 0 1.07192e+06 0 0 0 0 0
0.160353 0 -1.37461e+11 1.44501e+10 0 0 0 0 -1.37461e+11 1.44501e+10 0 0 0 0 0 0 0 0 0 0 0 0 0 1.07192e+06 0 0 0 0 0
0.170008 0 -1.32275e+11 1.5396e+10 0 0 0 0 -1.32275e+11 1.5396e+10 0 0 0 0 0 0 0 0 0 0 0 0 0 1.07192e+06 0 0 0 0 0
0.180243 0 -1.2757e+11 1.64252e+10 0 0 0 0 -1.2757e+11 1.64252e+10 0 0 0 0 0 0 0 0 0 0 0 0 0 1.07192e+06 0 0 0 0 0
0.190238 0 -1.23789e+11 1.75947e+10 0 0 0 0 -1.23789e+11 1.75947e+10 0 0 0 0 0 0 0 0 0 0 0 0 0 1.07192e+06 0 0 0 0 0
0.200786 0 -1.20237e+11 1.86799e+10 0 0 0 0 -1.20237e+11 1.86799e+10 0 0 0 0 0 0 0 0 0 0 0 0 0 1.07192e+06 0 0 0 0 0
0.210022 0 -1.17557e+11 1.96244e+10 0 0 0 0 -1.17557e+11 1.96244e+10 0 0 0 0 0 0 0 0 0 0 0 0 0 1.07192e+06 0 0 0 0 0
0.220673 0 -1.15102e+11 2.09135e+10 0 0 0 0 -1.15102e+11 2.09135e+10 0 0 0 0 0 0 0 0 0 0 0 0 0 1.07192e+06 0 0 0 0 0
0.230824 0 -1.13252e+11 2.22406e+10 0 0 0 0 -1.13252e+11 2.22406e+10 0 0 0 0 0 0 0 0 0 0 0 0 0 1.07192e+06 0 0 0 0 0
0.240358 0 -1.11717e+11 2.34088e+10 0 0 0 0 -1.11717e+11 2.34088e+10 0 0 0 0 0 0 0 0 0 0 0 0 0 1.07192e+06 0 0 0 0 0
0.250287 0 -1.10278e+11 2.45292e+10 0 0 0 0 -1.10278e+11 2.45292e+10 0 0 0 0 0 0 0 0 0 0 0 0 0 1.07192e+06 0 0 0 0 0
0.260625 0 -1.09188e+11 2.58553e+10 0 0 0 0 -1.09188e+11 2.58553e+10 0 0 0 0 0 0 0 0 0 0 0 0 0 1.07192e+06 0 0 0 0 0
0.270172 0 -1.08327e+11 2.69847e+10 0 0 0 0 -1.08327e+11 2.69847e+10 0 0 0 0 0 0 0 0 0 0 0 0 0 1.07192e+06 0 0 0 0 0
0.280069 0 -1.07819e+11 2.83822e+10 0 0 0 0 -1.07819e+11 2.83822e+10 0 0 0 0 0 0 0 0 0 0 0 0 0 1.07192e+06 0 0 0 0 0
0.290329 0 -1.07355e+11 2.97145e+10 0 0 0 0 -1.07355e+11 2.97145e+10 0 0 0 0 0 0 0 0 0 0 0 0 0 1.07192e+06 0 0 0 0 0
0.300965 0 -1.07116e+11 3.11501e+10 0 0 0 0 -1.07116e+11 3.11501e+10 0 0 0 0 0 0 0 0 0 0 0 0 0 1.07192e+06 0 0 0 0 0
0.31059 0 -1.07139e+11 3.25302e+10 0 0 0 0 -1.07139e+11 3.25302e+10 0 0 0 0 0 0 0 0 0 0 0 0 0 1.07192e+06 0 0 0 0 0
0.320523 0 -1.07369e+11 3.40609e+10 0 0 0 0 -1.07369e+11 3.40609e+10 0 0 0 0 0 0 0 0 0 0 0 0 0 1.07192e+06 0 0 0 0 0
0.330774 0 -1.07996e+11 3.58577e+10 0 0 0 0 -1.07996e+11 3.58577e+10 0 0 0 0 0 0 0 0 0 0 0 0 0 1.07192e+06 0 0 0 0 0
0.341353 0 -1.08449e+11 3.74197e+10 0 0 0 0 -1.08449e+11 3.74197e+10 0 0 0 0 0 0 0 0 0 0 0 0 0 1.07192e+06 0 0 0 0 0
0.350689 0 -1.08617e+11 3.84617e+10 0 0 0 0 -1.08617e+11 3.84617e+10 0 0 0 0 0 0 0 0 0 0 0 0 0 1.07192e+06 0 0 0 0 0
0.36028 0 -1.08959e+11 3.96238e+10 0 0 0 0 -1.08959e+11 3.96238e+10 0 0 0 0 0 0 0 0 0 0 0 0 0 1.07192e+06 0 0 0 0 0
0.370134 0 -1.09493e+11 4.09272e+10 0 0 0 0 -1.09493e+11 4.09272e+10 0 0 0 0 0 0 0 0 0 0 0 0 0 1.07192e+06 0 0 0 0 0
0.380258 0 -1.09755e+11 4.18998e+10 0 0 0 0 -1.09755e+11 4.18998e+10 0 0 0 0 0 0 0 0 0 0 0 0 0 1.07192e+06 0 0 0 0 0
0.390658 0 -1.10239e+11 4.30764e+10 0 0 0 0 -1.10239e+11 4.30764e+10 0 0 0 0 0 0 0 0 0 0 0 0 0 1.07192e+06 0 0 0 0 0
0.401343 0 -1.10733e+11 4.4201e+10 0 0 0 0 -1.10733e+11 4.4201e+10 0 0 0 0 0 0 0 0 0 0 0 0 0 1.07192e+06 0 0 0 0 0
0.41047 0 -1.10975e+11 4.49255e+10 0 0 0 0 -1.10975e+11 4.49255e+10 0 0 0 0 0 0 0 0 0 0 0 0 0 1.07192e+06 0 0 0 0 0
0.421697 0 -1.11764e+11 4.62939e+10 0 0 0 0 -1.11764e+11 4.62939e+10 0 0 0 0 0 0 0 0 0 0 0 0 0 1.07192e+06 0 0 0 0 0
0.431286 0 -1.12693e+11 4.76094e+10 0 0 0 0 -1.12693e+11 4.76094e+10 0 0 0 0 0 0 0 0 0 0 0 0 0 1.07192e+06 0 0 0 0 0
0.441094 0 -1.13747e+11 4.9052e+10 0 0 0 0 -1.13747e+11 4.9052e+10 0 0 0 0 0 0 0 0 0 0 0 0 0 1.07192e+06 0 0 0 0 0
0.451125 0 -1.14824e+11 5.04512e+10 0 0 0 0 -1.14824e+11 5.04512e+10 0 0 0 0 0 0 0 0 0 0 0 0 0 1.07192e+06 0 0 0 0 0
0.461384 0 -1.16062e+11 5.19719e+10 0 0 0 0 -1.16062e+11 5.19719e+10 0 0 0 0 0 0 0 0 0 0 0 0 0 1.07192e+06 0 0 0 0 0
0.470816 0 -1.17146e+11 5.32876e+10 0 0 0 0 -1.17146e+11 5.32876e+10 0 0 0 0 0 0 0 0 0 0 0 0 0 1.07192e+06 0 0 0 0 0
0.480442 0 -1.18301e+11 5.4648e+10 0 0 0 0 -1.18301e+11 5.4648e+10 0 0 0 0 0 0 0 0 0 0 0 0 0 1.07192e+06 0 0 0 0 0
0.491367 0 -1.19418e+11 5.59483e+10 0 0 0 0 -1.19418e+11 5.59483e+10 0 0 0 0 0 0 0 0 0 0 0 0 0 1.07192e+06 0 0 0 0 0
0.500286 0 -1.20526e+11 5.7176e+10 0 0 0 0 -1.20526e+11 5.7176e+10 0 0 0 0 0 0 0 0 0 0 0 0 0 1.07192e+06 0 0 0 0 0
0.510514 0 -1.21996e+11 5.87385e+10 0 0 0 0 -1.21996e+11 5.87385e+10 0 0 0 0 0 0 0 0 0 0 0 0 0 1.07192e+06 0 0 0 0 0
0.520951 0 -1.23453e+11 6.02574e+10 0 0 0 0 -1.23453e+11 6.02574e+10 0 0 0 0 0 0 0 0 0 0 0 0 0 1.07192e+06 0 0 0 0 0
0.530407 0 -1.24425e+11 6.12564e+10 0 0 0 0 -1.24425e+11 6.12564e+10 0 0 0 0 0 0 0 0 0 0 0 0 0 1.07192e+06 0 0 0 0 0
0.540035 0 -1.24886e+11 6.17197e+10 0 0 0 0 -1.24886e+11 6.17197e+10 0 0 0 0 0 0 0 0 0 0 0 0 0 1.07192e+06 0 0 0 0 0
0.551075 0 -1.25482e+11 6.23216e+10 0 0 0 0 -1.25482e+11 6.23216e+10 0 0 0 0 0 0 0 0 0 0 0 0 0 1.07192e+06 0 0 0 0 0
0.561078 0 -1.25907e+11 6.27575e+10 0 0 0 0 -1.25907e+11 6.27575e+10 0 0 0 0 0 0 0 0 0 0 0 0 0 1.07192e+06 0 0 0 0 0
0.571263 0 -1.26546e+11 6.33711e+10 0 0 0 0 -1.26546e+11 6.33711e+10 0 0 0 0 0 0 0 0 0 0 0 0 0 1.07192e+06 0 0 0 0 0
0.580326 0 -1.26929e+11 6.37474e+10 0 0 0 0 -1.26929e+11 6.37474e+10 0 0 0 0 0 0 0 0 0 0 0 0 0 1.07192e+06 0 0 0 0 0
0.59086 0 -1.27361e+11 6.41427e+10 0 0 0 0 -1.27361e+11 6.41427e+10 0 0 0 0 0 0 0 0 0 0 0 0 0 1.07192e+06 0 0 0 0 0
0.600234 0 -1.27932e+11 6.46809e+10 0 0 0 0 -1.27932e+11 6.46809e+10 0 0 0 0 0 0 0 0 0 0 0 0 0 1.07192e+06 0 0 0 0 0
0.611129 0 -1.28827e+11 6.55338e+10 0 0 0 0 -1.28827e+11 6.55338e+10 0 0 0 0 0 0 0 0 0 0 0 0 0 1.07192e+06 0 0 0 0 0
0.620824 0 -1.29487e+11 6.61359e+10 0 0 0 0 -1.29487e+11 6.61359e+10 0 0 0 0 0 0 0 0 0 0 0 0 0 1.07192e+06 0 0 0 0 0
0.630674 0 -1.30009e+11 6.6604e+10 0 0 0 0 -1.30009e+11 6.6604e+10 0 0 0 0 0 0 0 0 0 0 0 0 0 1.07192e+06 0 0 0 0 0
0.640679 0 -1.30637e+11 6.71581e+10 0 0 0 0 -1.30637e+11 6.71581e+10 0 0 0 0 0 0 0 0 0 0 0 0 0 1.07192e+06 0 0 0 0 0
0.650843 0 -1.3125e+11 6.77064e+10 0 0 0 0 -1.3125e+11 6.77064e+10 0 0 0 0 0 0 0 0 0 0 0 0 0 1.07192e+06 0 0 0 0 0
0.661169 0 -1.32055e+11 6.84227e+10 0 0 0 0 -1.32055e+11 6.84227e+10 0 0 0 0 0 0 0 0 0 0 0 0 0 1.07192e+06 0 0 0 0 0
0.67015 0 -1.32524e+11 6.88137e+10 0 0 0 0 -1.32524e+11 6.88137e+10 0 0 0 0 0 0 0 0 0 0 0 0 0 1.07192e+06 0 0 0 0 0
0.680782 0 -1.33046e+11 6.92275e+10 0 0 0 0 -1.33046e+11 6.92275e+10 0 0 0 0 0 0 0 0 0 0 0 0 0 1.07192e+06 0 0 0 0 0
0.690029 0 -1.33595e+11 6.96902e+10 0 0 0 0 -1.33595e+11 6.96902e+10 0 0 0 0 0 0 0 0 0 0 0 0 0 1.07192e+06 0 0 0 0 0
0.700976 0 -1.34222e+11 7.02094e+10 0 0 0 0 -1.34222e+11 7.02094e+10 0 0 0 0 0 0 0 0 0 0 0 0 0 1.07192e+06 0 0 0 0 0
0.710497 0 -1.35001e+11 7.08796e+10 0 0 0 0 -1.35001e+11 7.08796e+10 0 0 0 0 0 0 0 0 0 0 0 0 0 1.07192e+06 0 0 0 0 0
0.720148 0 -1.35589e+11 7.13712e+10 0 0 0 0 -1.35589e+11 7.13712e+10 0 0 0 0 0 0 0 0 0 0 0 0 0 1.07192e+06 0 0 0 0 0
0.731573 0 -1.36223e+11 7.1869e+10 0 0 0 0 -1.36223e+11 7.1869e+10 0 0 0 0 0 0 0 0 0 0 0 0 0 1.07192e+06 0 0 0 0 0
0.74151 0 -1.36916e+11 7.2448e+10 0 0 0 0 -1.36916e+11 7.2448e+10 0 0 0 0 0 0 0 0 0 0 0 0 0 1.07192e+06 0 0 0 0 0
0.751582 0 -1.37458e+11 7.28791e+10 0 0 0 0 -1.37458e+11 7.28791e+10 0 0 0 0 0 0 0 0 0 0 0 0 0 1.07192e+06 0 0 0 0 0
0.76008 0 -1.3789e+11 7.31917e+10 0 0 0 0 -1.3789e+11 7.31917e+10 0 0 0 0 0 0 0 0 0 0 0 0 0 1.07192e+06 0 0 0 0 0
0.770404 0 -1.38191e+11 7.3362e+10 0 0 0 0 -1.38191e+11 7.3362e+10 0 0 0 0 0 0 0 0 0 0 0 0 0 1.07192e+06 0 0 0 0 0
0.780869 0 -1.38633e+11 7.36817e+10 0 0 0 0 -1.38633e+11 7.36817e+10 0 0 0 0 0 0 0 0 0 0 0 0 0 1.07192e+06 0 0 0 0 0
0.791476 0 -1.39392e+11 7.4307e+10 0 0 0 0 -1.39392e+11 7.4307e+10 0 0 0 0 0 0 0 0 0 0 0 0 0 1.07192e+06 0 0 0 0 0
0.800424 0 -1.4003e+11 7.48317e+10 0 0 0 0 -1.4003e+11 7.48317e+10 0 0 0 0 0 0 0 0 0 0 0 0 0 1.07192e+06 0 0 0 0 0
0.811297 0 -1.40563e+11 7.52159e+10 0 0 0 0 -1.40563e+11 7.52159e+10 0 0 0 0 0 0 0 0 0 0 0 0 0 1.07192e+06 0 0 0 0 0
0.82047 0 -1.41271e+11 7.58002e+10 0 0 0 0 -1.41271e+11 7.58002e+10 0 0 0 0 0 0 0 0 0 0 0 0 0 1.07192e+06 0 0 0 0 0
0.831614 0 -1.4164e+11 7.60128e+10 0 0 0 0 -1.4164e+11 7.60128e+10 0 0 0 0 0 0 0 0 0 0 0 0 0 1.07192e+06 0 0 0 0 0
0.841017 0 -1.41828e+11 7.60796e+10 0 0 0 0 -1.41828e+11 7.60796e+10 0 0 0 0 0 0 0 0 0 0 0 0 0 1.07192e+06 0 0 0 0 0
0.850526 0 -1.42025e+11 7.61468e+10 0 0 0 0 -1.42025e+11 7.61468e+10 0 0 0 0 0 0 0 0 0 0 0 0 0 1.07192e+06 0 0 0 0 0
0.860142 0 -1.42616e+11 7.66104e+10 0 0 0 0 -1.42616e+11 7.66104e+10 0 0 0 0 0 0 0 0 0 0 0 0 0 1.07192e+06 0 0 0 0 0
0.871826 0 -1.43291e+11 7.7128e+10 0 0 0 0 -1.43291e+11 7.7128e+10 0 0 0 0 0 0 0 0 0 0 0 0 0 1.07192e+06 0 0 0 0 0
0.881683 0 -1.43528e+11 7.72305e+10 0 0 0 0 -1.43528e+11 7.72305e+10 0 0 0 0 0 0 0 0 0 0 0 0 0 1.07192e+06 0 0 0 0 0
0.891652 0 -1.44061e+11 7.76321e+10 0 0 0 0 -1.44061e+11 7.76321e+10 0 0 0 0 0 0 0 0 0 0 0 0 0 1.07192e+06 0 0 0 0 0
0.901733 0 -1.44486e+11 7.79151e+10 0 0 0 0 -1.44486e+11 7.79151e+10 0 0 0 0 0 0 0 0 0 0 0 0 0 1.07192e+06 0 0 0 0 0
0.911929 0 -1.44708e+11 7.79889e+10 0 0 0 0 -1.44708e+11 7.79889e+10 0 0 0 0 0 0 0 0 0 0 0 0 0 1.07192e+06 0 0 0 0 0
0.920168 0 -1.44752e+11 7.79295e+10 0 0 0 0 -1.44752e+11 7.79295e+10 0 0 0 0 0 0 0 0 0 0 0 0 0 1.07192e+06 0 0 0 0 0
0.930572 0 -1.44999e+11 7.80484e+10 0 0 0 0 -1.44999e+11 7.80484e+10 0 0 0 0 0 0 0 0 0 0 0 0 0 1.07192e+06 0 0 0 0 0
0.941094 0 -1.45917e+11 7.88303e+10 0 0 0 0 -1.45917e+11 7.88303e+10 0 0 0 0 0 0 0 0 0 0 0 0 0 1.07192e+06 0 0 0 0 0
0.951734 0 -1.46263e+11 7.90228e+10 0 0 0 0 -1.46263e+11 7.90228e+10 0 0 0 0 0 0 0 0 0 0 0 0 0 1.07192e+06 0 0 0 0 0
0.960333 0 -1.46717e+11 7.93684e+10 0 0 0 0 -1.46717e+11 7.93684e+10 0 0 0 0 0 0 0 0 0 0 0 0 0 1.07192e+06 0 0 0 0 0
0.971191 0 -1.47108e+11 7.96109e+10 0 0 0 0 -1.47108e+11 7.96109e+10 0 0 0 0 0 0 0 0 0 0 0 0 0 1.07192e+06 0 0 0 0 0
0.982172 0 -1.4762e+11 7.99673e+10 0 0 0 0 -1.4762e+11 7.99673e+10 0 0 0 0 0 0 0 0 0 0 0 0 0 1.07192e+06 0 0 0 0 0
0.991046 0 -1.48249e+11 8.049e+10 0 0 0 0 -1.48249e+11 8.049e+10 0 0 0 0 0 0 0 0 0 0 0 0 0 1.07192e+06 0 0 0 0 0
