0.01 0 -1.85941e+12 8.54723e+08 0 0 0 0 -1.85941e+12 8.54723e+08 0 0 0 0 0 0 0 0 0 0 0 0 0 1.07192e+06 0 0 0 0 0
0.0200786 0 -9.27338e+11 1.65628e+09 0 0 0 0 -9.27338e+11 1.65628e+09 0 0 0 0 0 0 0 0 0 0 0 0 0 1.07192e+06 0 0 0 0 0
0.0300965 0 -6.2084e+11 2.45387e+09 0 0 0 0 -6.2084e+11 2.45387e+09 0 0 0 0 0 0 0 0 0 0 0 0 0 1.07192e+06 0 0 0 0 0
0.0401343 0 -4.67792e+11 3.25072e+09 0 0 0 0 -4.67792e+11 3.25072e+09 0 0 0 0 0 0 0 0 0 0 0 0 0 1.07192e+06 0 0 0 0 0
0.0500286 0 -3.77408e+11 4.03508e+09 0 0 0 0 -3.77408e+11 4.03508e+09 0 0 0 0 0 0 0 0 0 0 0 0 0 1.07192e+06 0 0 0 0 0
0.0601585 0 -3.1605e+11 4.83834e+09 0 0 0 0 -3.1605e+11 4.83834e+09 0 0 0 0 0 0 0 0 0 0 0 0 0 1.07192e+06 0 0 0 0 0
0.0700976 0 -2.73458e+11 5.62796e+09 0 0 0 0 -2.73458e+11 5.62796e+09 0 0 0 0 0 0 0 0 0 0 0 0 0 1.07192e+06 0 0 0 0 0
0.0802226 0 -2.41177e+11 6.43511e+09 0 0 0 0 -2.41177e+11 6.43511e+09 0 0 0 0 0 0 0 0 0 0 0 0 0 1.07192e+06 0 0 0 0 0
0.0901733 0 -2.16807e+11 7.2323e+09 0 0 0 0 -2.16807e+11 7.2323e+09 0 0 0 0 0 0 0 0 0 0 0 0 0 1.07192e+06 0 0 0 0 0
0.100451 0 -1.97022e+11 8.06103e+09 0 0 0 0 -1.97022e+11 8.06103e+09 0 0 0 0 0 0 0 0 0 0 0 0 0 1.07192e+06 0 0 0 0 0
0.1104 0 -1.81532e+11 8.87003e+09 0 0 0 0 -1.81532e+11 8.87003e+09 0 0 0 0 0 0 0 0 0 0 0 0 0 1.07192e+06 0 0 0 0 0
0.120248 0 -1.69007e+11 9.67883e+09 0 0 0 0 -1.69007e+11 9.67883e+09 0 0 0 0 0 0 0 0 0 0 0 0 0 1.07192e+06 0 0 0 0 0
0.130387 0 -1.58256e+11 1.05221e+10 0 0 0 0 -1.58256e+11 1.05221e+10 0 0 0 0 0 0 0 0 0 0 0 0 0 1.07192e+06 0 0 0 0 0
0.140115 0 -1.49576e+11 1.13443e+10 0 0 0 0 -1.49576e+11 1.13443e+10 0 0 0 0 0 0 0 0 0 0 0 0 0 1.07192e+06 0 0 0 0 0
0.150569 0 -1.41678e+11 1.22497e+10 0 0 0 0 -1.41678e+11 1.22497e+10 0 0 0 0 0 0 0 0 0 0 0 0 0 1.07192e+06 0 0 0 0 0
0.160353 0 -1.35456e+11 1.31677e+10 0 0 0 0 -1.35456e+11 1.31677e+10 0 0 0 0 0 0 0 0 0 0 0 0 0 1.07192e+06 0 0 0 0 0
0.170008 0 -1.30134e+11 1.40108e+10 0 0 0 0 -1.30134e+11 1.40108e+10 0 0 0 0 0 0 0 0 0 0 0 0 0 1.07192e+06 0 0 0 0 0
0.180243 0 -1.25367e+11 1.5003e+10 0 0 0 0 -1.25367e+11 1.5003e+10 0 0 0 0 0 0 0 0 0 0 0 0 0 1.07192e+06 0 0 0 0 0
0.190238 0 -1.21378e+11 1.60162e+10 0 0 0 0 -1.21378e+11 1.60162e+10 0 0 0 0 0 0 0 0 0 0 0 0 0 1.07192e+06 0 0 0 0 0
0.200786 0 -1.17822e+11 1.71212e+10 0 0 0 0 -1.17822e+11 1.71212e+10 0 0 0 0 0 0 0 0 0 0 0 0 0 1.07192e+06 0 0 0 0 0
0.210022 0 -1.15105e+11 1.80639e+10 0 0 0 0 -1.15105e+11 1.80639e+10 0 0 0 0 0 0 0 0 0 0 0 0 0 1.07192e+06 0 0 0 0 0
0.220673 0 -1.12514e+11 1.92247e+10 0 0 0 0 -1.12514e+11 1.92247e+10 0 0 0 0 0 0 0 0 0 0 0 0 0 1.07192e+06 0 0 0 0 0
0.230824 0 -1.10382e+11 2.03455e+10 0 0 0 0 -1.10382e+11 2.03455e+10 0 0 0 0 0 0 0 0 0 0 0 0 0 1.07192e+06 0 0 0 0 0
0.240358 0 -1.08682e+11 2.13992e+10 0 0 0 0 -1.08682e+11 2.13992e+10 0 0 0 0 0 0 0 0 0 0 0 0 0 1.07192e+06 0 0 0 0 0
0.250287 0 -1.0726e+11 2.25548e+10 0 0 0 0 -1.0726e+11 2.25548e+10 0 0 0 0 0 0 0 0 0 0 0 0 0 1.07192e+06 0 0 0 0 0
0.260625 0 -1.06064e+11 2.38231e+10 0 0 0 0 -1.06064e+11 2.38231e+10 0 0 0 0 0 0 0 0 0 0 0 0 0 1.07192e+06 0 0 0 0 0
0.270172 0 -1.05348e+11 2.51398e+10 0 0 0 0 -1.05348e+11 2.51398e+10 0 0 0 0 0 0 0 0 0 0 0 0 0 1.07192e+06 0 0 0 0 0
0.280069 0 -1.05144e+11 2.68325e+10 0 0 0 0 -1.05144e+11 2.68325e+10 0 0 0 0 0 0 0 0 0 0 0 0 0 1.07192e+06 0 0 0 0 0
0.290329 0 -1.04599e+11 2.81017e+10 0 0 0 0 -1.04599e+11 2.81017e+10 0 0 0 0 0 0 0 0 0 0 0 0 0 1.07192e+06 0 0 0 0 0
0.300965 0 -1.04338e+11 2.95294e+10 0 0 0 0 -1.04338e+11 2.95294e+10 0 0 0 0 0 0 0 0 0 0 0 0 0 1.07192e+06 0 0 0 0 0
0.31059 0 -1.04189e+11 3.0766e+10 0 0 0 0 -1.04189e+11 3.0766e+10 0 0 0 0 0 0 0 0 0 0 0 0 0 1.07192e+06 0 0 0 0 0
0.320523 0 -1.04099e+11 3.19824e+10 0 0 0 0 -1.04099e+11 3.19824e+10 0 0 0 0 0 0 0 0 0 0 0 0 0 1.07192e+06 0 0 0 0 0
0.330774 0 -1.04473e+11 3.35709e+10 0 0 0 0 -1.04473e+11 3.35709e+10 0 0 0 0 0 0 0 0 0 0 0 0 0 1.07192e+06 0 0 0 0 0
0.341353 0 -1.04933e+11 3.51516e+10 0 0 0 0 -1.04933e+11 3.51516e+10 0 0 0 0 0 0 0 0 0 0 0 0 0 1.07192e+06 0 0 0 0 0
0.350689 0 -1.05141e+11 3.62861e+10 0 0 0 0 -1.05141e+11 3.62861e+10 0 0 0 0 0 0 0 0 0 0 0 0 0 1.07192e+06 0 0 0 0 0
0.36028 0 -1.05663e+11 3.76482e+10 0 0 0 0 -1.05663e+11 3.76482e+10 0 0 0 0 0 0 0 0 0 0 0 0 0 1.07192e+06 0 0 0 0 0
0.370134 0 -1.05878e+11 3.86758e+10 0 0 0 0 -1.05878e+11 3.86758e+10 0 0 0 0 0 0 0 0 0 0 0 0 0 1.07192e+06 0 0 0 0 0
0.380258 0 -1.0621e+11 3.97332e+10 0 0 0 0 -1.0621e+11 3.97332e+10 0 0 0 0 0 0 0 0 0 0 0 0 0 1.07192e+06 0 0 0 0 0
0.390658 0 -1.06743e+11 4.0966e+10 0 0 0 0 -1.06743e+11 4.0966e+10 0 0 0 0 0 0 0 0 0 0 0 0 0 1.07192e+06 0 0 0 0 0
0.401343 0 -1.07423e+11 4.22942e+10 0 0 0 0 -1.07423e+11 4.22942e+10 0 0 0 0 0 0 0 0 0 0 0 0 0 1.07192e+06 0 0 0 0 0
0.41047 0 -1.07939e+11 4.33238e+10 0 0 0 0 -1.07939e+11 4.33238e+10 0 0 0 0 0 0 0 0 0 0 0 0 0 1.07192e+06 0 0 0 0 0
0.421697 0 -1.08674e+11 4.459e+10 0 0 0 0 -1.08674e+11 4.459e+10 0 0 0 0 0 0 0 0 0 0 0 0 0 1.07192e+06 0 0 0 0 0
0.431286 0 -1.09396e+11 4.57398e+10 0 0 0 0 -1.09396e+11 4.57398e+10 0 0 0 0 0 0 0 0 0 0 0 0 0 1.07192e+06 0 0 0 0 0
0.441094 0 -1.10368e+11 4.70906e+10 0 0 0 0 -1.10368e+11 4.70906e+10 0 0 0 0 0 0 0 0 0 0 0 0 0 1.07192e+06 0 0 0 0 0
0.451125 0 -1.11302e+11 4.83733e+10 0 0 0 0 -1.11302e+11 4.83733e+10 0 0 0 0 0 0 0 0 0 0 0 0 0 1.07192e+06 0 0 0 0 0
0.461384 0 -1.12146e+11 4.95287e+10 0 0 0 0 -1.12146e+11 4.95287e+10 0 0 0 0 0 0 0 0 0 0 0 0 0 1.07192e+06 0 0 0 0 0
0.471876 0 -1.12976e+11 5.0629e+10 0 0 0 0 -1.12976e+11 5.0629e+10 0 0 0 0 0 0 0 0 0 0 0 0 0 1.07192e+06 0 0 0 0 0
0.480442 0 -1.13765e+11 5.16273e+10 0 0 0 0 -1.13765e+11 5.16273e+10 0 0 0 0 0 0 0 0 0 0 0 0 0 1.07192e+06 0 0 0 0 0
0.491367 0 -1.14503e+11 5.25946e+10 0 0 0 0 -1.14503e+11 5.25946e+10 0 0 0 0 0 0 0 0 0 0 0 0 0 1.07192e+06 0 0 0 0 0
0.500286 0 -1.156e+11 5.38408e+10 0 0 0 0 -1.156e+11 5.38408e+10 0 0 0 0 0 0 0 0 0 0 0 0 0 1.07192e+06 0 0 0 0 0
0.511663 0 -1.17047e+11 5.54337e+10 0 0 0 0 -1.17047e+11 5.54337e+10 0 0 0 0 0 0 0 0 0 0 0 0 0 1.07192e+06 0 0 0 0 0
0.520951 0 -1.18272e+11 5.67321e+10 0 0 0 0 -1.18272e+11 5.67321e+10 0 0 0 0 0 0 0 0 0 0 0 0 0 1.07192e+06 0 0 0 0 0
0.530407 0 -1.19499e+11 5.80381e+10 0 0 0 0 -1.19499e+11 5.80381e+10 0 0 0 0 0 0 0 0 0 0 0 0 0 1.07192e+06 0 0 0 0 0
0.540035 0 -1.20867e+11 5.94251e+10 0 0 0 0 -1.20867e+11 5.94251e+10 0 0 0 0 0 0 0 0 0 0 0 0 0 1.07192e+06 0 0 0 0 0
0.551075 0 -1.22084e+11 6.06387e+10 0 0 0 0 -1.22084e+11 6.06387e+10 0 0 0 0 0 0 0 0 0 0 0 0 0 1.07192e+06 0 0 0 0 0
0.561078 0 -1.22811e+11 6.13687e+10 0 0 0 0 -1.22811e+11 6.13687e+10 0 0 0 0 0 0 0 0 0 0 0 0 0 1.07192e+06 0 0 0 0 0
0.572549 0 -1.23639e+11 6.21738e+10 0 0 0 0 -1.23639e+11 6.21738e+10 0 0 0 0 0 0 0 0 0 0 0 0 0 1.07192e+06 0 0 0 0 0
0.580326 0 -1.24576e+11 6.30801e+10 0 0 0 0 -1.24576e+11 6.30801e+10 0 0 0 0 0 0 0 0 0 0 0 0 0 1.07192e+06 0 0 0 0 0
0.59086 0 -1.25639e+11 6.4088e+10 0 0 0 0 -1.25639e+11 6.4088e+10 0 0 0 0 0 0 0 0 0 0 0 0 0 1.07192e+06 0 0 0 0 0
0.600234 0 -1.26419e+11 6.48136e+10 0 0 0 0 -1.26419e+11 6.48136e+10 0 0 0 0 0 0 0 0 0 0 0 0 0 1.07192e+06 0 0 0 0 0
0.611129 0 -1.27439e+11 6.57521e+10 0 0 0 0 -1.27439e+11 6.57521e+10 0 0 0 0 0 0 0 0 0 0 0 0 0 1.07192e+06 0 0 0 0 0
0.620824 0 -1.28066e+11 6.63e+10 0 0 0 0 -1.28066e+11 6.63e+10 0 0 0 0 0 0 0 0 0 0 0 0 0 1.07192e+06 0 0 0 0 0
0.630674 0 -1.28976e+11 6.71078e+10 0 0 0 0 -1.28976e+11 6.71078e+10 0 0 0 0 0 0 0 0 0 0 0 0 0 1.07192e+06 0 0 0 0 0
0.640679 0 -1.30113e+11 6.8151e+10 0 0 0 0 -1.30113e+11 6.8151e+10 0 0 0 0 0 0 0 0 0 0 0 0 0 1.07192e+06 0 0 0 0 0
0.650843 0 -1.31264e+11 6.91985e+10 0 0 0 0 -1.31264e+11 6.91985e+10 0 0 0 0 0 0 0 0 0 0 0 0 0 1.07192e+06 0 0 0 0 0
0.661169 0 -1.32256e+11 7.00366e+10 0 0 0 0 -1.32256e+11 7.00366e+10 0 0 0 0 0 0 0 0 0 0 0 0 0 1.07192e+06 0 0 0 0 0
0.67015 0 -1.32843e+11 7.05154e+10 0 0 0 0 -1.32843e+11 7.05154e+10 0 0 0 0 0 0 0 0 0 0 0 0 0 1.07192e+06 0 0 0 0 0
0.680782 0 -1.33843e+11 7.13669e+10 0 0 0 0 -1.33843e+11 7.13669e+10 0 0 0 0 0 0 0 0 0 0 0 0 0 1.07192e+06 0 0 0 0 0
0.690029 0 -1.34731e+11 7.21184e+10 0 0 0 0 -1.34731e+11 7.21184e+10 0 0 0 0 0 0 0 0 0 0 0 0 0 1.07192e+06 0 0 0 0 0
0.700976 0 -1.35849e+11 7.30708e+10 0 0 0 0 -1.35849e+11 7.30708e+10 0 0 0 0 0 0 0 0 0 0 0 0 0 1.07192e+06 0 0 0 0 0
0.710497 0 -1.36792e+11 7.38451e+10 0 0 0 0 -1.36792e+11 7.38451e+10 0 0 0 0 0 0 0 0 0 0 0 0 0 1.07192e+06 0 0 0 0 0
0.720148 0 -1.3773e+11 7.46271e+10 0 0 0 0 -1.3773e+11 7.46271e+10 0 0 0 0 0 0 0 0 0 0 0 0 0 1.07192e+06 0 0 0 0 0
0.731573 0 -1.38693e+11 7.53871e+10 0 0 0 0 -1.38693e+11 7.53871e+10 0 0 0 0 0 0 0 0 0 0 0 0 0 1.07192e+06 0 0 0 0 0
0.74151 0 -1.39392e+11 7.59119e+10 0 0 0 0 -1.39392e+11 7.59119e+10 0 0 0 0 0 0 0 0 0 0 0 0 0 1.07192e+06 0 0 0 0 0
0.751582 0 -1.40171e+11 7.65034e+10 0 0 0 0 -1.40171e+11 7.65034e+10 0 0 0 0 0 0 0 0 0 0 0 0 0 1.07192e+06 0 0 0 0 0
0.76008 0 -1.40784e+11 7.69633e+10 0 0 0 0 -1.40784e+11 7.69633e+10 0 0 0 0 0 0 0 0 0 0 0 0 0 1.07192e+06 0 0 0 0 0
0.770404 0 -1.42391e+11 7.83724e+10 0 0 0 0 -1.42391e+11 7.83724e+10 0 0 0 0 0 0 0 0 0 0 0 0 0 1.07192e+06 0 0 0 0 0
0.780869 0 -1.4363e+11 7.93986e+10 0 0 0 0 -1.4363e+11 7.93986e+10 0 0 0 0 0 0 0 0 0 0 0 0 0 1.07192e+06 0 0 0 0 0
0.791476 0 -1.44872e+11 8.04136e+10 0 0 0 0 -1.44872e+11 8.04136e+10 0 0 0 0 0 0 0 0 0 0 0 0 0 1.07192e+06 0 0 0 0 0
0.800424 0 -1.45993e+11 8.13352e+10 0 0 0 0 -1.45993e+11 8.13352e+10 0 0 0 0 0 0 0 0 0 0 0 0 0 1.07192e+06 0 0 0 0 0
0.811297 0 -1.46609e+11 8.17116e+10 0 0 0 0 -1.46609e+11 8.17116e+10 0 0 0 0 0 0 0 0 0 0 0 0 0 1.07192e+06 0 0 0 0 0
0.82047 0 -1.46988e+11 8.18829e+10 0 0 0 0 -1.46988e+11 8.18829e+10 0 0 0 0 0 0 0 0 0 0 0 0 0 1.07192e+06 0 0 0 0 0
0.831614 0 -1.4747e+11 8.21383e+10 0 0 0 0 -1.4747e+11 8.21383e+10 0 0 0 0 0 0 0 0 0 0 0 0 0 1.07192e+06 0 0 0 0 0
0.841017 0 -1.47577e+11 8.20478e+10 0 0 0 0 -1.47577e+11 8.20478e+10 0 0 0 0 0 0 0 0 0 0 0 0 0 1.07192e+06 0 0 0 0 0
0.850526 0 -1.48057e+11 8.23273e+10 0 0 0 0 -1.48057e+11 8.23273e+10 0 0 0 0 0 0 0 0 0 0 0 0 0 1.07192e+06 0 0 0 0 0
0.860142 0 -1.48107e+11 8.21761e+10 0 0 0 0 -1.48107e+11 8.21761e+10 0 0 0 0 0 0 0 0 0 0 0 0 0 1.07192e+06 0 0 0 0 0
0.871826 0 -1.48119e+11 8.19739e+10 0 0 0 0 -1.48119e+11 8.19739e+10 0 0 0 0 0 0 0 0 0 0 0 0 0 1.07192e+06 0 0 0 0 0
0.881683 0 -1.48747e+11 8.2408e+10 0 0 0 0 -1.48747e+11 8.2408e+10 0 0 0 0 0 0 0 0 0 0 0 0 0 1.07192e+06 0 0 0 0 0
0.891652 0 -1.49373e+11 8.28456e+10 0 0 0 0 -1.49373e+11 8.28456e+10 0 0 0 0 0 0 0 0 0 0 0 0 0 1.07192e+06 0 0 0 0 0
0.901733 0 -1.50134e+11 8.33997e+10 0 0 0 0 -1.50134e+11 8.33997e+10 0 0 0 0 0 0 0 0 0 0 0 0 0 1.07192e+06 0 0 0 0 0
0.911929 0 -1.51225e+11 8.43012e+10 0 0 0 0 -1.51225e+11 8.43012e+10 0 0 0 0 0 0 0 0 0 0 0 0 0 1.07192e+06 0 0 0 0 0
0.920168 0 -1.52071e+11 8.49721e+10 0 0 0 0 -1.52071e+11 8.49721e+10 0 0 0 0 0 0 0 0 0 0 0 0 0 1.07192e+06 0 0 0 0 0
0.930572 0 -1.52734e+11 8.54207e+10 0 0 0 0 -1.52734e+11 8.54207e+10 0 0 0 0 0 0 0 0 0 0 0 0 0 1.07192e+06 0 0 0 0 0
0.941094 0 -1.52902e+11 8.53789e+10 0 0 0 0 -1.52902e+11 8.53789e+10 0 0 0 0 0 0 0 0 0 0 0 0 0 1.07192e+06 0 0 0 0 0
0.951734 0 -1.53187e+11 8.54467e+10 0 0 0 0 -1.53187e+11 8.54467e+10 0 0 0 0 0 0 0 0 0 0 0 0 0 1.07192e+06 0 0 0 0 0
0.960333 0 -1.53425e+11 8.55252e+10 0 0 0 0 -1.53425e+11 8.55252e+10 0 0 0 0 0 0 0 0 0 0 0 0 0 1.07192e+06 0 0 0 0 0
0.971191 0 -1.54022e+11 8.5913e+10 0 0 0 0 -1.54022e+11 8.5913e+10 0 0 0 0 0 0 0 0 0 0 0 0 0 1.07192e+06 0 0 0 0 0
0.982172 0 -1.54529e+11 8.62144e+10 0 0 0 0 -1.54529e+11 8.62144e+10 0 0 0 0 0 0 0 0 0 0 0 0 0 1.07192e+06 0 0 0 0 0
0.991046 0 -1.54686e+11 8.61998e+10 0 0 0 0 -1.54686e+11 8.61998e+10 0 0 0 0 0 0 0 0 0 0 0 0 0 1.07192e+06 0 0 0 0 0
